Results 99 [600,12,1,0,0,0,0,0]
Results 99 [597,14,1,2,0,0,0,0]
Results 101 [597,10,3,1,0,0,0,0]
Results 102 [602,7,4,0,0,0,0,0]
Results 103 [597,9,3,3,0,0,0,0]
Results 104 [628,6,2,1,0,0,0,0]
Results 104 [599,7,2,2,1,0,0,0]
Results 106 [598,12,1,1,0,0,0,0]
Results 107 [592,15,2,2,0,0,0,0]
Results 107 [620,10,5,1,0,0,0,0]
Results 106 [602,6,5,0,0,0,0,0]
Results 107 [602,5,1,4,0,0,0,0]
Results 109 [593,11,6,1,0,0,0,0]
Results 110 [590,15,4,1,0,0,0,0]
Results 111 [589,18,4,0,0,0,0,0]
Results 112 [589,15,4,1,0,0,0,0]
Results 113 [592,11,4,2,1,0,0,0]
Results 115 [592,16,3,0,0,0,0,0]
Results 118 [587,18,3,2,0,0,0,0]
Results 118 [587,17,4,0,0,1,0,0]
Results 119 [588,17,3,2,0,1,0,0]
Results 120 [586,17,4,1,1,1,0,0]
Results 120 [584,17,4,3,1,0,0,0]
Results 121 [587,16,3,1,1,1,0,0]
Results 123 [580,20,4,2,2,0,0,0]
Results 123 [580,20,5,3,0,1,0,0]
Results 126 [576,19,7,4,0,1,0,0]
Results 127 [578,23,3,1,1,1,0,0]
Results 127 [570,30,4,2,1,0,0,0]
Results 128 [573,26,4,2,1,1,0,0]
Results 128 [603,22,4,4,0,0,0,0]
Results 129 [577,19,6,4,0,0,0,0]
Results 133 [582,19,3,3,1,0,0,0]
Results 134 [579,19,4,3,1,1,0,0]
Results 135 [571,29,4,2,0,0,0,0]
Results 134 [602,19,5,4,2,0,0,0]
Results 135 [577,23,3,1,2,1,0,0]
Results 136 [601,23,3,4,1,0,0,0]
Results 136 [572,29,5,1,0,1,0,0]
Results 137 [575,25,4,3,0,1,0,0]
Results 138 [575,22,5,4,0,0,0,0]
Results 142 [579,19,5,3,0,0,0,0]
Results 142 [575,25,4,3,0,0,0,0]
Results 143 [585,13,5,2,1,1,0,0]
Results 143 [604,21,3,4,0,0,0,0]
Results 142 [574,27,4,1,0,1,0,0]
Results 143 [580,18,4,4,0,1,0,0]
Results 145 [573,25,5,3,0,0,0,0]
Results 147 [581,20,3,4,0,0,0,0]
Results 148 [585,18,3,2,0,1,0,0]
Results 148 [580,22,3,3,0,0,0,0]
Results 150 [569,30,5,1,2,0,0,0]
Results 151 [573,28,4,2,0,0,0,0]
Results 152 [577,26,2,1,2,0,0,0]
Results 152 [578,22,2,3,2,0,0,0]
Results 154 [580,21,3,4,0,0,0,0]
Results 155 [585,15,3,4,0,1,0,0]
Results 156 [581,23,2,1,0,1,0,0]
Results 157 [576,24,4,2,0,1,0,0]
Results 158 [579,25,1,3,0,0,0,0]
Results 161 [583,19,4,2,0,1,0,0]
Results 161 [588,12,3,3,1,1,0,0]
Results 161 [580,24,1,3,0,0,0,0]
Results 162 [579,19,5,4,0,0,0,0]
Results 163 [581,20,3,4,0,0,0,0]
Results 165 [577,22,5,3,0,0,0,0]
Results 165 [574,28,4,1,0,0,0,0]
Results 167 [574,27,4,2,0,0,0,0]
Results 168 [577,24,3,2,0,1,0,0]
Results 169 [573,27,4,2,0,1,0,0]
Results 170 [576,23,4,3,0,1,0,0]
Results 170 [577,19,8,3,0,0,0,0]
Results 171 [573,26,3,3,1,0,0,0]
Results 173 [577,22,4,3,0,1,0,0]
Results 173 [577,21,5,3,0,1,0,0]
Results 174 [573,28,3,2,0,0,0,0]
Results 175 [579,18,5,4,1,0,0,0]
Results 177 [573,28,4,3,0,0,0,0]
Results 177 [574,27,4,2,0,0,0,0]
Results 179 [584,18,1,4,0,1,0,0]
Results 179 [583,18,4,3,0,0,0,0]
Results 180 [565,34,4,2,0,1,0,0]
Results 182 [577,21,4,3,0,1,0,0]
Results 183 [578,23,3,2,1,0,0,0]
Results 184 [577,24,3,3,0,0,0,0]
Results 184 [579,23,2,4,0,0,0,0]
Results 186 [579,24,2,3,0,0,0,0]
Results 186 [580,20,5,2,0,1,0,0]
Results 187 [582,18,3,3,0,1,0,0]
Results 188 [568,35,2,2,0,0,0,0]
Results 190 [577,23,5,2,0,0,0,0]
Results 192 [577,24,0,5,1,0,0,0]
Results 192 [577,25,3,2,0,0,0,0]
Results 192 [576,23,4,3,0,1,0,0]
Results 194 [581,18,5,3,0,1,0,0]
Results 194 [581,18,3,5,1,0,0,0]
Results 195 [578,22,2,4,1,0,0,0]
Results 197 [578,24,2,2,0,1,0,0]
Results 197 [582,19,2,3,1,0,0,0]
Results 198 [577,23,2,3,1,1,0,0]
Results 198 [580,22,2,4,0,1,0,0]
Results 197 [579,22,3,4,0,0,0,0]
Results 196 [572,31,1,2,2,0,0,0]
Results 196 [582,19,2,2,0,2,0,0]
Results 197 [579,22,1,4,1,0,0,0]
Results 197 [580,19,5,2,0,1,0,0]
Results 197 [580,22,2,3,0,1,0,0]
Results 197 [576,26,2,1,1,1,0,0]
Results 197 [576,26,1,2,2,0,0,0]
Results 196 [577,28,1,1,1,0,0,0]
Results 196 [584,17,3,3,0,1,0,0]
Results 197 [575,28,2,1,1,1,0,0]
Results 197 [577,26,1,3,1,0,0,0]
Results 197 [581,23,2,3,0,0,0,0]
Results 198 [576,28,2,1,1,1,0,0]
Results 197 [581,22,2,1,1,1,0,0]
Results 197 [580,22,3,2,0,1,0,0]
Results 196 [575,26,3,2,1,1,0,0]
Results 196 [583,21,0,4,1,0,0,0]
Results 197 [581,23,1,3,0,0,0,0]
Results 196 [576,29,2,1,0,1,0,0]
Results 198 [587,17,3,2,0,0,0,0]
Results 197 [583,22,2,3,0,0,0,0]
Results 196 [582,22,2,2,0,0,0,0]
Results 195 [581,22,2,3,0,0,0,0]
Results 196 [586,16,2,3,1,0,0,0]
Results 195 [586,16,4,2,0,1,0,0]
Results 195 [588,13,3,3,0,1,0,0]
Results 194 [599,29,2,2,1,1,0,0]
Results 196 [586,17,1,3,0,2,0,0]
Results 196 [586,17,2,3,0,0,0,0]
Results 197 [580,23,3,1,1,1,0,0]
Results 197 [584,18,2,2,0,1,0,0]
Results 197 [581,22,3,2,0,1,0,0]
Results 197 [579,24,3,3,0,0,0,0]
Results 197 [586,18,2,3,0,0,0,0]
Results 197 [608,18,4,2,0,1,0,0]
Results 196 [589,18,2,1,0,0,0,0]
Results 197 [588,20,1,1,0,0,0,0]
Results 197 [591,15,2,1,0,1,0,0]
Results 197 [651,26,2,1,1,1,0,0]
Results 196 [592,14,3,1,0,0,0,0]
Results 196 [588,22,0,1,0,0,0,0]
Results 196 [585,22,3,1,0,0,0,0]
Results 196 [589,19,2,1,0,0,0,0]
Results 195 [610,21,1,2,0,1,0,0]
Results 194 [587,21,2,0,0,0,0,0]
Results 194 [597,11,0,1,0,1,0,0]
Results 195 [595,13,0,1,1,0,0,0]
Results 196 [586,23,2,0,0,0,0,0]
Results 196 [593,16,2,0,0,0,0,0]
Results 196 [591,17,2,1,0,0,0,0]
Results 197 [596,15,1,0,0,0,0,0]
Results 196 [599,12,0,0,0,0,0,0]
Results 196 [590,20,1,0,0,0,0,0]
Results 197 [596,15,1,0,0,0,0,0]
Results 196 [594,16,1,0,0,0,0,0]
Results 197 [597,11,1,0,0,1,1,0]
Results 197 [591,17,2,0,0,0,0,0]
Results 196 [593,17,1,0,0,0,0,0]
Results 195 [589,19,1,1,0,0,0,0]
Results 196 [595,13,1,0,0,1,0,0]
Results 195 [597,13,1,0,0,0,0,0]
Results 197 [587,21,1,1,0,0,0,0]
Results 198 [615,18,1,0,0,1,0,0]
Results 197 [591,17,1,0,0,1,0,0]
Results 196 [595,13,1,0,0,1,0,0]
Results 196 [588,18,2,0,0,1,0,0]
Results 196 [585,21,3,0,0,0,0,0]
Results 197 [586,23,1,0,0,0,0,0]
Results 197 [589,19,1,1,0,0,0,0]
Results 196 [592,15,1,0,1,1,0,0]
Results 196 [589,18,0,1,0,1,0,0]
Results 196 [592,14,2,0,0,2,0,0]
Results 195 [589,17,3,1,0,0,0,0]
Results 195 [590,18,0,1,0,0,0,0]
Results 195 [592,14,2,0,0,1,0,0]
Results 194 [589,16,2,0,0,0,1,0]
Results 198 [594,13,2,0,0,1,0,0]
Results 198 [586,22,0,1,1,0,0,0]
Results 198 [588,18,1,0,0,2,0,0]
Results 197 [593,13,2,0,0,0,1,0]
Results 198 [594,15,0,0,0,1,0,0]
Results 198 [592,16,1,0,0,0,1,0]
Results 198 [589,17,1,0,1,1,0,0]
Results 197 [588,18,3,0,0,1,0,0]
Results 196 [583,22,1,1,1,0,0,0]
Results 197 [591,17,0,0,0,1,0,0]
Results 197 [612,18,1,1,0,1,0,0]
Results 196 [582,24,0,2,0,0,0,0]
Results 195 [588,17,2,0,1,1,0,0]
Results 195 [581,24,2,2,0,0,0,0]
Results 196 [580,26,1,1,0,0,0,0]
Results 197 [572,34,1,1,0,0,0,0]
Results 195 [608,20,1,3,0,0,0,0]
Results 194 [577,24,4,2,0,0,0,0]
Results 194 [609,22,1,0,0,2,0,0]
Results 195 [575,28,4,0,0,0,0,0]
Results 194 [577,29,1,0,0,1,0,0]
Results 198 [657,22,0,1,0,2,0,0]
Results 197 [578,27,2,2,0,0,0,0]
Results 196 [574,29,4,1,0,0,0,0]
Results 195 [652,28,1,0,1,1,0,0]
Results 194 [586,16,3,0,0,2,0,0]
Results 194 [578,24,3,2,0,0,0,0]
Results 194 [566,39,2,0,0,0,0,0]
Results 194 [581,21,2,1,1,1,0,0]
Results 194 [574,30,3,0,0,1,0,0]
Results 194 [568,32,6,0,0,0,0,0]
Results 197 [584,19,1,2,1,1,0,0]
Results 196 [576,28,2,0,0,1,0,0]
Results 196 [577,26,4,1,0,0,0,0]
Results 197 [574,31,1,0,0,1,0,0]
Results 197 [574,28,3,1,1,0,0,0]
Results 197 [580,22,2,1,0,2,0,0]
Results 197 [581,23,3,0,0,1,0,0]
Results 198 [579,23,3,2,1,0,0,0]
Results 198 [579,25,1,0,0,2,0,0]
Results 197 [597,28,6,0,0,1,0,0]
Results 197 [570,29,5,2,0,0,0,0]
Results 196 [581,24,1,0,0,1,0,0]
Results 196 [575,27,2,2,1,0,0,0]
Results 197 [589,35,7,0,0,0,0,0]
Results 196 [582,22,1,2,0,1,0,0]
Results 196 [572,27,6,0,0,1,1,0]
Results 196 [576,26,2,1,0,2,0,0]
Results 196 [572,32,3,0,0,0,0,0]
Results 195 [571,29,2,2,1,0,0,0]
Results 196 [566,34,4,2,0,0,0,0]
Results 196 [571,30,2,1,0,2,0,0]
Results 196 [573,29,4,0,0,0,1,0]
Results 195 [601,28,1,0,0,2,0,0]
Results 195 [560,41,4,0,0,0,0,0]
Results 196 [577,24,4,1,0,1,0,0]
Results 195 [576,26,3,0,0,1,0,0]
Results 197 [581,21,3,0,0,1,0,0]
Results 197 [579,23,4,0,0,1,0,0]
Results 197 [571,30,4,1,0,0,0,0]
Results 197 [576,25,5,2,0,0,0,0]
Results 198 [574,30,3,0,0,1,0,0]
Results 197 [573,33,0,0,0,1,0,0]
Results 197 [579,25,2,0,0,1,0,0]
Results 198 [568,36,2,0,0,0,1,0]
Results 196 [711,36,7,0,0,0,0,0]
Results 195 [574,28,2,2,0,0,0,0]
Results 195 [572,30,3,0,0,1,0,0]
Results 195 [570,36,0,0,0,1,0,0]
Results 194 [569,34,3,0,0,0,0,0]
Results 195 [578,22,3,2,0,1,0,0]
Results 194 [597,31,3,0,0,0,1,0]
Results 195 [564,37,6,0,0,0,0,0]
Results 195 [578,24,4,0,0,0,1,0]
Results 194 [569,32,3,0,0,1,0,0]
Results 195 [573,28,6,0,0,0,0,0]
Results 196 [572,28,4,2,0,0,0,0]
Results 195 [568,35,1,0,0,1,0,0]
Results 197 [568,34,2,0,0,1,0,0]
Results 198 [576,25,3,3,0,0,0,0]
Results 198 [568,35,3,1,0,0,0,0]
Results 197 [568,33,3,0,0,0,1,0]
Results 197 [646,33,1,0,0,1,0,0]
Results 196 [569,33,3,2,0,0,0,0]
Results 195 [569,31,5,0,0,0,1,0]
Results 196 [568,33,6,0,0,0,0,0]
Results 196 [561,42,0,2,0,0,0,0]
Results 195 [592,36,2,1,0,0,0,0]
Results 196 [568,33,5,1,0,0,0,0]
Results 197 [567,34,4,1,0,0,0,0]
Results 195 [592,35,2,1,0,0,0,0]
Results 196 [574,28,3,0,0,1,0,0]
Results 195 [566,34,4,1,0,0,0,0]
Results 195 [567,34,4,1,0,0,0,0]
Results 194 [573,31,2,0,0,0,1,0]
Results 197 [578,23,3,1,0,1,0,0]
Results 196 [572,33,0,0,0,1,0,0]
Results 196 [569,32,6,0,0,0,0,0]
Results 195 [574,32,1,0,0,0,0,0]
Results 196 [569,33,3,0,0,0,1,0]
Results 197 [572,30,2,2,0,0,0,0]
Results 196 [574,28,5,0,0,0,0,0]
Results 197 [570,36,0,0,0,0,1,0]
Results 197 [573,31,3,0,0,0,0,0]
Results 198 [571,31,3,2,0,0,0,0]
Results 199 [572,31,4,0,0,0,0,0]
Results 199 [574,30,3,0,0,1,0,0]
Results 198 [574,26,4,2,0,0,0,0]
Results 197 [573,27,7,0,0,0,0,0]
Results 196 [573,26,7,0,0,0,0,0]
Results 196 [571,29,6,0,0,0,1,0]
Results 195 [597,34,0,0,0,1,0,0]
Results 195 [573,28,3,3,0,0,0,0]
Results 194 [596,31,4,0,0,1,0,0]
Results 193 [563,37,6,0,0,0,0,0]
Results 192 [599,26,6,0,0,0,0,0]
Results 193 [562,38,5,0,0,0,1,0]
Results 199 [565,35,3,1,0,1,0,0]
Results 198 [573,24,2,3,0,1,1,0]
Results 198 [575,21,4,4,0,0,1,0]
Results 197 [642,30,5,1,0,0,1,0]
Results 196 [567,30,5,1,0,1,0,0]
Results 197 [557,38,6,2,0,0,1,0]
Results 196 [590,31,6,1,0,1,0,0]
Results 195 [568,32,2,1,0,0,2,0]
Results 196 [565,28,7,2,0,1,1,0]
Results 195 [560,38,5,1,0,1,0,0]
Results 196 [558,35,10,1,0,0,0,0]
Results 195 [593,30,1,1,0,2,1,0]
Results 196 [558,38,7,1,0,1,0,0]
Results 196 [565,31,2,3,0,1,1,0]
Results 196 [559,39,3,2,0,0,1,0]
Results 197 [559,36,3,3,0,1,1,0]
Results 197 [555,42,1,1,1,1,1,0]
Results 198 [550,40,11,1,0,0,0,0]
Results 197 [587,30,3,4,0,2,1,0]
Results 197 [557,40,4,1,0,1,1,0]
Results 198 [550,42,7,3,0,0,1,0]
Results 197 [548,49,3,2,0,0,1,0]
Results 197 [557,37,6,1,0,1,1,0]
Results 197 [552,45,2,2,0,2,0,0]
Results 196 [559,36,3,3,0,2,0,0]
Results 195 [561,35,1,2,1,1,1,0]
Results 195 [585,36,3,2,0,0,1,0]
Results 195 [587,34,3,1,1,1,1,0]
Results 194 [550,44,3,3,0,2,0,0]
Results 193 [555,38,6,1,0,2,0,0]
Results 192 [556,39,6,1,0,0,1,0]
Results 197 [566,29,4,1,0,2,1,0]
Results 198 [560,31,7,3,0,1,1,0]
Results 198 [553,38,9,3,0,0,0,0]
Results 197 [561,31,7,1,1,1,1,0]
Results 197 [558,40,0,2,0,1,1,0]
Results 197 [584,32,7,1,0,2,1,0]
Results 196 [557,35,7,3,0,1,0,0]
Results 196 [559,36,4,2,0,1,1,0]
Results 195 [561,29,6,3,0,2,1,0]
Results 196 [555,44,1,0,1,0,2,0]
Results 196 [561,33,4,3,0,1,1,0]
Results 196 [562,29,5,3,0,2,1,0]
Results 197 [555,38,5,3,0,0,1,0]
Results 196 [560,33,7,2,0,1,0,0]
Results 196 [568,27,5,2,0,1,1,0]
Results 195 [553,43,5,1,0,0,1,0]
Results 196 [561,35,3,2,0,1,1,0]
Results 195 [547,48,6,1,0,1,0,0]
Results 194 [560,34,5,3,1,0,1,0]
Results 194 [557,40,2,3,0,0,1,0]
Results 194 [560,35,3,1,0,2,1,0]
Results 196 [559,39,4,1,0,0,1,0]
Results 196 [555,42,5,2,0,0,0,0]
Results 196 [556,43,1,0,1,1,1,0]
Results 197 [554,39,7,2,0,1,0,0]
Results 197 [555,44,3,2,0,1,0,0]
Results 197 [560,37,5,2,0,1,0,0]
Results 197 [567,29,5,2,1,0,1,0]
Results 198 [553,44,4,2,0,1,0,0]
Results 197 [559,37,4,2,0,1,1,0]
Results 197 [559,43,0,1,0,0,1,0]
Results 196 [566,30,3,3,0,1,1,0]
Results 195 [561,35,5,2,0,1,0,0]
Results 195 [558,43,1,1,0,0,1,0]
Results 199 [568,31,2,2,1,0,1,0]
Results 198 [574,22,5,2,0,1,1,0]
Results 197 [557,44,3,1,0,0,0,0]
Results 197 [563,38,1,2,0,0,1,0]
Results 196 [562,37,2,2,0,0,1,0]
Results 195 [560,37,3,2,0,1,1,0]
Results 197 [559,38,4,2,0,0,1,0]
Results 197 [568,25,7,3,0,0,1,0]
Results 197 [565,31,4,2,0,1,1,0]
Results 197 [561,39,2,2,0,0,1,0]
Results 197 [566,28,6,2,0,1,1,0]
Results 195 [565,27,7,4,0,0,1,0]
Results 196 [562,35,5,2,0,0,1,0]
Results 195 [571,29,3,1,0,1,1,0]
Results 199 [560,41,1,1,0,1,1,0]
Results 198 [633,42,1,1,0,1,1,0]
Results 197 [562,36,6,1,0,0,0,0]
Results 197 [565,35,3,2,0,1,0,0]
Results 196 [556,41,7,1,0,0,0,0]
Results 198 [572,28,4,1,0,0,1,0]
Results 198 [561,40,2,0,1,0,1,0]
Results 198 [570,32,2,1,0,0,1,0]
Results 197 [571,30,3,1,0,0,1,0]
Results 196 [563,37,3,0,1,0,1,0]
Results 195 [573,27,4,1,0,1,1,0]
Results 196 [572,30,2,1,1,0,1,0]
Results 196 [609,38,5,2,0,0,0,0]
Results 194 [573,26,2,1,0,1,1,0]
Results 195 [574,28,4,1,0,2,0,0]
Results 194 [576,26,1,1,0,1,1,0]
Results 196 [580,22,2,1,0,1,1,0]
Results 195 [573,31,1,1,0,0,1,0]
Results 198 [570,32,2,1,1,0,1,0]
Results 198 [578,26,1,1,0,0,1,0]
Results 198 [577,23,3,1,0,1,1,0]
Results 197 [576,23,4,2,0,1,0,0]
Results 196 [578,19,6,2,0,1,0,0]
Results 196 [575,26,3,2,0,1,0,0]
Results 196 [575,23,5,3,0,1,0,0]
Results 195 [572,28,4,2,0,1,0,0]
Results 196 [573,27,4,1,0,1,1,0]
Results 196 [567,35,2,2,0,1,0,0]
Results 198 [573,27,3,2,0,1,0,0]
Results 197 [577,27,2,1,0,0,1,0]
Results 197 [601,27,1,1,0,0,1,0]
Results 197 [577,24,3,1,0,1,1,0]
Results 197 [575,28,1,2,0,1,0,0]
Results 196 [569,32,5,1,0,0,0,0]
Results 197 [605,23,2,1,0,1,0,0]
Results 196 [571,32,0,3,0,1,0,0]
Results 198 [583,15,7,2,0,0,1,0]
Results 197 [576,27,1,1,0,0,1,0]
Results 196 [578,21,5,2,0,0,1,0]
Results 196 [649,25,3,2,0,1,0,0]
Results 196 [581,19,3,1,0,1,1,0]
Results 195 [574,27,3,2,0,1,0,0]
Results 195 [574,26,5,1,0,0,0,0]
Results 194 [597,31,1,0,1,0,1,0]
Results 196 [575,25,3,2,0,1,0,0]
Results 195 [578,24,1,1,0,1,1,0]
Results 195 [584,15,5,2,0,1,0,0]
Results 199 [581,18,5,2,0,0,1,0]
Results 198 [577,28,1,1,0,0,1,0]
Results 198 [576,27,1,2,0,1,0,0]
Results 199 [587,12,5,2,0,1,0,0]
Results 198 [611,13,5,2,0,0,1,0]
Results 198 [599,26,3,2,0,1,0,0]
Results 197 [696,26,4,2,0,1,0,0]
Results 196 [696,25,5,2,0,1,0,0]
Results 195 [580,19,5,2,0,1,0,0]
Results 195 [609,15,4,3,0,1,0,0]
Results 195 [598,28,2,0,1,0,1,0]
Results 194 [579,21,3,2,0,0,1,0]
Results 195 [605,21,2,1,0,1,1,0]
Results 196 [572,28,5,1,0,0,0,0]
Results 199 [592,34,2,2,0,1,0,0]
Results 198 [579,23,3,1,0,1,1,0]
Results 197 [577,23,4,2,0,1,0,0]
Results 196 [573,30,2,1,0,0,1,0]
Results 196 [570,34,1,1,0,0,1,0]
Results 195 [573,32,0,1,0,0,1,0]
Results 194 [598,29,2,1,0,0,1,0]
Results 194 [573,28,3,1,0,0,1,0]
Results 196 [577,25,2,1,1,1,0,0]
Results 195 [573,28,2,1,0,1,1,0]
Results 195 [575,28,2,1,0,0,1,0]
Results 195 [576,27,1,1,0,0,1,0]
Results 196 [569,33,2,0,1,0,1,0]
Results 197 [580,17,5,3,0,1,0,0]
Results 196 [576,22,4,2,0,0,1,0]
Results 197 [593,34,2,0,1,0,1,0]
Results 197 [581,20,3,1,0,1,1,0]
Results 197 [568,31,6,1,0,0,0,0]
Results 197 [600,25,4,2,0,1,0,0]
Results 196 [644,34,2,1,0,0,1,0]
Results 195 [581,21,2,1,0,1,1,0]
Results 195 [570,29,4,2,0,1,0,0]
Results 195 [573,28,3,1,0,2,0,0]
Results 194 [569,31,3,2,0,1,0,0]
Results 193 [629,20,3,1,0,1,1,0]
Results 192 [572,30,2,1,0,0,1,0]
Results 194 [570,31,2,1,0,0,1,0]
Results 193 [576,25,2,1,0,1,1,0]
Results 198 [565,39,0,1,0,0,1,0]
Results 197 [569,28,5,2,0,1,0,0]
Results 196 [571,31,1,1,0,0,1,0]
Results 195 [575,24,4,2,0,1,0,0]
Results 195 [570,31,2,1,0,0,1,0]
Results 195 [570,30,5,1,0,0,0,0]
Results 197 [571,28,4,2,0,0,1,0]
Results 197 [579,21,3,1,0,1,1,0]
Results 197 [566,34,3,2,0,1,0,0]
Results 197 [573,30,1,1,0,0,1,0]
Results 198 [568,31,6,1,0,0,0,0]
Results 199 [570,32,2,1,0,0,1,0]
Results 198 [572,25,5,2,0,1,0,0]
Results 197 [569,30,4,1,0,1,0,0]
Results 197 [576,24,3,2,0,1,0,0]
Results 196 [578,19,6,2,0,0,1,0]
Results 197 [594,30,3,2,0,1,0,0]
Results 198 [577,23,3,1,0,0,1,0]
Results 198 [571,30,3,1,0,0,1,0]
Results 198 [576,24,2,1,1,0,1,0]
Results 197 [569,33,2,0,1,0,1,0]
Results 197 [573,28,3,1,0,1,0,0]
Results 195 [569,30,3,2,0,1,0,0]
Results 196 [577,23,3,1,0,1,1,0]
Results 195 [564,36,5,0,0,0,0,0]
Results 194 [573,31,2,1,0,0,0,0]
Results 193 [580,24,2,0,1,0,0,0]
Results 194 [576,30,2,0,0,0,0,0]
Results 199 [576,29,1,0,1,0,0,0]
Results 199 [574,31,2,0,0,0,0,0]
Results 198 [572,32,2,0,0,0,0,0]
Results 197 [578,29,1,0,0,0,0,0]
Results 196 [581,24,3,0,0,0,0,0]
Results 196 [578,26,3,0,0,0,0,0]
Results 196 [576,28,3,0,0,0,0,0]
Results 194 [577,25,5,0,0,0,0,0]
Results 195 [574,30,3,0,0,0,0,0]
Results 195 [578,26,4,0,0,0,0,0]
Results 196 [663,35,3,2,0,1,0,0]
Results 195 [575,28,5,0,0,0,0,0]
Results 195 [580,27,2,0,0,0,0,0]
Results 195 [580,25,3,0,0,0,0,0]
Results 196 [584,23,1,1,0,0,0,0]
Results 197 [577,28,4,0,0,0,0,0]
Results 197 [578,25,5,0,0,0,0,0]
Results 199 [574,28,5,0,0,0,0,0]
Results 199 [583,22,4,0,0,0,0,0]
Results 198 [638,37,4,0,1,0,0,0]
Results 197 [587,19,2,0,0,0,0,0]
Results 196 [582,25,1,0,0,0,0,0]
Results 196 [580,27,1,0,0,0,0,0]
Results 196 [586,20,2,0,0,0,0,0]
Results 197 [578,25,5,0,0,0,0,0]
Results 196 [591,16,2,0,0,0,0,0]
Results 196 [576,30,3,0,0,0,0,0]
Results 195 [589,18,3,0,0,0,0,0]
Results 194 [591,16,2,1,0,0,0,0]
Results 194 [594,14,1,0,0,0,0,0]
Results 197 [577,30,2,0,0,0,0,0]
Results 198 [585,21,2,0,0,0,0,0]
Results 197 [633,23,2,0,0,0,0,0]
Results 197 [582,25,2,0,0,0,0,0]
Results 196 [585,23,1,0,0,0,0,0]
Results 195 [611,20,2,0,0,0,0,0]
Results 197 [586,20,3,0,0,0,0,0]
Results 196 [586,21,1,1,0,0,0,0]
Results 196 [577,28,4,0,0,0,0,0]
Results 196 [586,21,3,0,0,0,0,0]
Results 196 [654,25,4,0,0,0,0,0]
Results 196 [584,21,4,0,0,0,0,0]
Results 195 [576,28,4,0,0,0,0,0]
Results 194 [579,26,4,0,0,0,0,0]
Results 196 [585,21,2,0,0,0,0,0]
Results 196 [573,29,4,0,0,0,0,0]
Results 198 [579,27,3,0,0,0,0,0]
Results 197 [583,24,1,0,0,0,0,0]
Results 197 [585,21,1,0,0,0,0,0]
Results 196 [582,25,1,1,0,0,0,0]
Results 196 [578,29,1,0,0,0,0,0]
Results 196 [579,25,4,0,0,0,0,0]
Results 196 [581,26,1,0,0,0,0,0]
Results 197 [595,32,4,0,0,0,0,0]
Results 196 [593,34,4,0,0,0,0,0]
Results 195 [576,28,1,1,0,1,0,0]
Results 197 [578,24,4,0,1,0,0,0]
Results 198 [564,37,4,0,0,1,0,0]
Results 198 [577,26,2,0,1,0,0,0]
Results 197 [654,24,3,0,1,0,0,0]
Results 196 [578,26,1,0,0,0,1,0]
Results 196 [591,36,3,0,0,1,0,0]
Results 194 [578,23,2,1,0,0,1,0]
Results 195 [584,18,4,0,1,0,0,0]
Results 193 [578,22,4,0,1,1,0,0]
Results 199 [563,36,4,0,0,1,1,0]
Results 200 [571,30,4,0,1,1,0,0]
Results 198 [577,23,3,0,0,2,0,0]
Results 197 [566,32,4,1,0,1,1,0]
Results 196 [569,31,2,1,0,1,1,0]
Results 195 [566,33,3,0,1,1,0,0]
Results 196 [563,34,4,2,0,1,1,0]
Results 195 [588,36,3,0,0,1,1,0]
Results 195 [561,36,5,0,1,1,0,0]
Results 197 [567,33,3,0,0,1,1,0]
Results 197 [560,36,5,0,2,1,0,0]
Results 196 [565,30,5,2,0,1,1,0]
Results 197 [572,26,2,1,0,2,1,0]
Results 196 [566,31,3,1,0,1,1,0]
Results 197 [635,38,3,0,0,1,1,0]
Results 198 [554,42,5,2,0,2,0,0]
Results 198 [563,37,2,0,0,1,1,0]
Results 197 [572,26,3,2,0,1,1,0]
Results 196 [589,33,5,0,1,1,0,0]
Results 196 [571,27,3,0,2,1,0,0]
Results 198 [566,30,4,0,2,2,0,0]
Results 198 [559,39,3,1,0,1,1,0]
Results 198 [565,33,3,0,0,2,0,0]
Results 197 [564,32,5,0,0,2,1,0]
Results 196 [582,36,6,1,0,2,0,0]
Results 195 [557,37,3,3,0,1,1,0]
Results 194 [558,36,4,0,0,3,1,0]
Results 195 [564,33,2,0,2,2,0,0]
Results 195 [560,35,5,1,0,1,1,0]
Results 194 [550,43,5,1,0,2,1,0]
Results 198 [557,38,5,1,0,2,0,0]
Results 197 [551,43,3,3,0,2,0,0]
Results 198 [554,41,2,1,1,2,1,0]
Results 197 [557,37,6,1,1,1,0,0]
Results 198 [554,39,5,0,0,3,1,0]
Results 197 [559,37,3,0,1,1,1,0]
Results 196 [555,39,5,1,0,2,1,0]
Results 197 [562,31,6,1,0,1,1,0]
Results 196 [553,41,3,3,0,2,0,0]
Results 195 [555,37,4,3,0,2,0,0]
Results 196 [559,35,5,1,0,1,1,0]
Results 196 [550,43,5,1,0,1,1,0]
Results 197 [558,35,4,0,0,3,1,0]
Results 197 [555,39,4,1,0,2,0,0]
Results 196 [597,43,6,1,2,2,0,0]
Results 196 [559,35,2,3,0,1,1,0]
Results 196 [552,38,8,1,0,2,0,0]
Results 196 [557,36,5,1,0,3,0,0]
Results 198 [561,32,4,3,0,2,0,0]
Results 197 [557,38,4,0,1,2,0,0]
Results 198 [636,33,5,2,0,1,1,0]
Results 197 [557,36,5,2,0,1,1,0]
Results 196 [552,41,6,0,1,2,0,0]
Results 196 [562,32,2,3,0,3,0,0]
Results 195 [564,30,4,1,1,1,1,0]
Results 195 [549,43,5,1,1,1,1,0]
Results 195 [553,42,3,2,0,1,1,0]
Results 195 [553,39,4,2,0,2,1,0]
Results 195 [554,40,3,1,1,2,0,0]
Results 196 [567,24,7,2,1,1,0,0]
Results 195 [555,37,6,0,1,2,1,0]
Results 198 [573,44,5,0,1,2,1,0]
Results 197 [599,45,3,1,0,1,1,0]
Results 198 [554,38,4,3,1,2,0,0]
Results 196 [553,40,5,1,1,1,0,0]
Results 196 [557,35,5,0,1,2,1,0]
Results 199 [563,34,3,1,1,1,0,0]
Results 198 [553,42,2,1,1,2,1,0]
Results 198 [555,40,3,1,1,1,1,0]
Results 197 [560,33,4,2,1,1,1,0]
Results 196 [559,32,4,3,1,1,1,0]
Results 195 [565,31,2,3,1,1,0,0]
Results 194 [555,39,5,2,0,2,0,0]
Results 193 [558,35,3,3,0,2,0,0]
Results 194 [564,31,4,2,1,1,0,0]
Results 193 [563,32,4,0,0,3,0,0]
Results 196 [559,32,3,4,1,2,0,0]
Results 199 [558,34,5,2,0,2,0,0]
Results 198 [568,30,1,0,0,4,0,0]
Results 198 [564,27,7,1,2,1,0,0]
Results 197 [554,38,5,3,0,2,0,0]
Results 196 [554,40,4,2,0,1,1,0]
Results 196 [565,30,4,0,0,3,1,0]
Results 196 [557,37,4,1,1,1,1,0]
Results 195 [555,38,4,1,2,2,0,0]
Results 196 [558,35,4,3,0,1,1,0]
Results 195 [560,35,4,1,2,1,0,0]
Results 196 [581,36,4,2,0,2,0,0]
Results 195 [579,38,4,4,1,1,0,0]
Results 196 [558,35,4,2,1,1,1,0]
Results 195 [562,33,3,2,1,1,0,0]
Results 196 [557,39,5,0,1,2,0,0]
Results 197 [558,37,2,2,1,2,0,0]
Results 198 [549,45,3,2,1,2,0,0]
Results 196 [558,36,3,2,1,1,1,0]
Results 197 [561,34,4,0,0,3,1,0]
Results 196 [549,40,7,1,1,1,1,0]
Results 196 [563,30,4,3,0,2,0,0]
Results 195 [550,42,5,2,0,2,0,0]
Results 194 [554,37,8,1,0,2,0,0]
Results 193 [547,42,5,4,0,3,0,0]
Results 192 [551,41,3,2,2,2,0,0]
Results 197 [553,37,5,2,1,2,1,0]
Results 198 [576,39,6,2,2,1,0,0]
Results 196 [558,32,6,2,0,2,1,0]
Results 196 [578,38,2,4,0,2,1,0]
Results 196 [549,40,4,3,1,3,0,0]
Results 197 [551,39,5,3,1,2,0,0]
Results 199 [577,36,5,3,1,1,1,0]
Results 198 [567,47,6,2,0,1,1,0]
Results 197 [557,34,4,2,2,2,0,0]
Results 196 [577,39,4,3,1,1,1,0]
Results 195 [546,44,3,4,1,2,0,0]
Results 195 [619,45,2,5,1,2,0,0]
Results 198 [550,39,6,2,0,3,1,0]
Results 197 [554,36,3,3,2,2,0,0]
Results 197 [577,40,3,1,3,1,0,0]
Results 197 [554,36,6,1,2,2,0,0]
Results 196 [570,45,2,4,1,2,1,0]
Results 195 [549,39,7,2,1,2,0,0]
Results 194 [551,39,4,2,2,2,0,0]
Results 200 [554,35,5,4,0,2,0,0]
Results 199 [556,36,5,2,0,1,1,0]
Results 198 [553,38,4,1,1,3,1,0]
Results 197 [556,33,7,2,1,1,1,0]
Results 197 [551,38,5,4,0,1,1,0]
Results 196 [547,44,4,2,1,2,1,0]
Results 195 [567,42,9,4,0,1,1,0]
Results 194 [547,43,6,3,0,1,1,0]
Results 193 [552,37,5,3,1,1,1,0]
Results 192 [549,40,7,2,2,1,0,0]
Results 192 [574,40,4,1,3,2,0,0]
Results 191 [551,38,6,2,2,2,0,0]
Results 199 [556,36,3,1,3,2,0,0]
Results 199 [556,38,3,2,1,1,0,0]
Results 198 [555,36,3,3,1,2,1,0]
Results 197 [553,36,4,5,0,2,0,0]
Results 196 [544,45,8,2,0,2,0,0]
Results 196 [552,40,2,4,0,1,1,0]
Results 194 [553,35,5,1,2,2,1,0]
Results 195 [542,45,5,3,3,2,0,0]
Results 194 [572,39,7,3,2,1,0,0]
Results 195 [556,34,4,2,3,1,0,0]
Results 195 [552,37,6,2,1,3,0,0]
Results 194 [551,40,4,2,2,2,0,0]
Results 194 [552,39,2,2,1,3,0,0]
Results 194 [552,38,4,3,0,2,0,0]
Results 198 [550,39,5,2,1,3,0,0]
Results 199 [556,34,5,2,2,2,0,0]
Results 199 [555,35,5,2,3,1,0,0]
Results 199 [556,34,3,2,0,3,2,0]
Results 198 [576,39,3,3,1,2,1,0]
Results 197 [555,35,5,2,1,2,0,0]
Results 196 [547,46,1,1,2,3,0,0]
Results 197 [549,39,8,3,0,1,1,0]
Results 198 [557,35,3,0,1,3,1,0]
Results 197 [541,46,6,3,2,2,0,0]
Results 196 [550,43,2,2,1,3,0,0]
Results 196 [554,37,4,0,3,2,0,0]
Results 195 [554,38,2,3,1,2,0,0]
Results 195 [550,43,2,1,3,2,0,0]
Results 194 [572,42,5,3,1,1,1,0]
Results 197 [551,38,4,3,3,1,0,0]
Results 197 [551,40,5,0,2,2,0,0]
Results 196 [550,39,8,2,0,2,0,0]
Results 195 [573,43,4,3,0,2,1,0]
Results 196 [549,43,2,2,0,3,1,0]
Results 195 [540,48,5,5,0,2,0,0]
Results 198 [551,39,3,4,1,3,0,0]
Results 197 [541,49,5,2,2,2,0,0]
Results 198 [558,29,4,7,0,1,1,0]
Results 197 [553,38,4,3,2,1,0,0]
Results 196 [569,23,3,1,1,3,1,0]
Results 195 [552,40,2,2,1,3,0,0]
Results 197 [555,35,4,1,2,3,0,0]
Results 197 [575,40,3,1,1,3,1,0]
Results 197 [549,39,4,6,0,2,0,0]
Results 197 [553,39,5,1,1,2,0,0]
Results 195 [556,32,5,3,3,1,0,0]
Results 196 [555,36,4,3,1,1,1,0]
Results 195 [552,40,2,1,2,2,1,0]
Results 196 [574,42,5,2,0,1,1,0]
Results 195 [596,42,5,2,3,2,0,0]
Results 195 [555,37,5,3,0,2,0,0]
Results 194 [552,39,5,3,0,2,0,0]
Results 197 [558,33,5,3,0,2,0,0]
Results 199 [550,44,3,2,1,1,0,0]
Results 199 [556,37,3,2,1,1,1,0]
Results 198 [580,40,1,3,0,2,0,0]
Results 197 [561,32,3,2,1,1,1,0]
Results 196 [556,38,5,1,2,1,0,0]
Results 195 [562,33,3,2,1,2,0,0]
Results 196 [558,38,4,2,0,1,0,0]
Results 194 [557,39,3,3,1,1,0,0]
Results 193 [560,35,4,3,0,1,0,0]
Results 192 [578,37,8,3,0,1,0,0]
Results 191 [566,30,3,3,1,0,0,0]
Results 200 [564,34,3,3,0,1,0,0]
Results 198 [561,38,2,1,1,0,0,0]
Results 199 [566,31,4,0,3,1,0,0]
Results 197 [568,28,5,2,0,0,0,0]
Results 196 [567,33,3,1,0,1,0,0]
Results 195 [572,24,4,4,0,0,0,0]
Results 195 [571,29,3,1,1,0,0,0]
Results 196 [568,30,2,2,1,1,0,0]
Results 198 [567,31,4,1,0,1,0,0]
Results 197 [569,28,4,2,0,1,0,0]
Results 197 [560,36,4,1,0,1,0,0]
Results 196 [565,32,4,2,0,0,0,0]
Results 195 [624,41,7,2,0,2,0,0]
Results 196 [595,28,1,3,1,0,0,0]
Results 194 [570,26,4,4,1,0,0,0]
Results 194 [567,32,1,3,0,1,0,0]
Results 199 [571,27,3,2,0,1,0,0]
Results 198 [565,28,7,4,0,0,0,0]
Results 198 [572,26,3,2,0,1,0,0]
Results 199 [579,23,2,1,1,0,0,0]
Results 199 [570,29,3,1,1,0,0,0]
Results 198 [569,31,2,1,1,1,0,0]
Results 197 [593,28,3,3,0,1,0,0]
Results 196 [565,33,5,2,0,0,0,0]
Results 195 [571,28,4,1,1,0,0,0]
Results 194 [587,34,5,2,0,0,0,0]
Results 193 [573,29,2,1,0,1,0,0]
Results 193 [568,34,1,2,0,0,0,0]
Results 195 [569,32,2,2,0,0,0,0]
Results 195 [573,27,3,1,1,0,0,0]
Results 198 [568,31,3,2,1,0,0,0]
Results 197 [569,30,5,0,2,0,0,0]
Results 198 [571,30,3,0,1,0,0,0]
Results 197 [594,30,2,2,1,0,0,0]
Results 196 [574,30,1,0,1,1,0,0]
Results 196 [565,34,4,1,1,0,0,0]
Results 196 [575,26,3,1,0,1,0,0]
Results 196 [564,34,3,1,1,1,0,0]
Results 196 [570,27,4,2,1,1,0,0]
Results 196 [568,30,3,3,1,0,0,0]
Results 197 [570,28,5,2,0,0,0,0]
Results 198 [570,30,1,1,1,1,1,0]
Results 198 [564,32,4,3,0,1,0,0]
Results 197 [574,23,5,3,0,0,0,0]
Results 196 [570,27,4,1,1,1,0,0]
Results 195 [591,30,5,3,0,1,0,0]
Results 195 [572,26,5,2,0,0,0,0]
Results 194 [572,26,5,1,0,1,0,0]
Results 196 [589,33,3,4,0,0,0,0]
Results 196 [567,30,5,2,0,1,0,0]
Results 196 [574,26,3,0,0,1,0,0]
Results 197 [570,30,3,1,0,1,0,0]
Results 198 [570,28,5,1,0,0,1,0]
Results 197 [572,25,6,2,0,0,0,0]
Results 196 [571,26,6,1,0,1,0,0]
Results 195 [573,26,3,0,1,2,0,0]
Results 196 [572,26,3,4,0,0,0,0]
Results 196 [573,24,5,2,0,1,0,0]
Results 195 [571,24,6,2,0,1,0,0]
Results 196 [570,26,6,3,0,0,0,0]
Results 195 [577,19,6,2,0,1,0,0]
Results 195 [571,26,5,2,0,1,0,0]
Results 198 [570,26,6,1,0,0,1,0]
Results 198 [570,26,7,3,0,0,0,0]
Results 196 [571,27,3,1,1,1,0,0]
Results 197 [566,30,8,1,0,0,0,0]
Results 196 [576,24,3,1,1,1,0,0]
Results 199 [576,24,3,1,1,0,1,0]
Results 198 [577,23,3,2,0,0,1,0]
Results 197 [571,28,3,2,1,1,0,0]
Results 196 [582,18,4,2,0,0,0,0]
Results 195 [579,18,5,3,0,0,0,0]
Results 196 [569,30,5,0,0,1,0,0]
Results 194 [566,29,7,3,0,0,0,0]
Results 193 [571,30,3,2,0,0,0,0]
Results 194 [574,24,5,2,0,1,0,0]
Results 194 [573,27,4,2,0,0,0,0]
Results 196 [570,27,7,2,0,0,0,0]
Results 198 [569,31,3,2,1,0,0,0]
Results 198 [571,27,3,3,0,1,0,0]
Results 198 [575,24,3,1,1,0,1,0]
Results 197 [573,25,3,4,0,0,0,0]
Results 196 [564,31,6,2,0,1,0,0]
Results 195 [569,27,6,2,1,0,0,0]
Results 196 [574,23,5,1,1,1,0,0]
Results 195 [567,30,4,3,0,1,0,0]
Results 196 [569,28,4,3,0,1,0,0]
Results 195 [563,34,4,3,0,1,0,0]
Results 197 [565,32,2,5,1,0,0,0]
Results 197 [572,30,2,1,0,1,0,0]
Results 196 [576,24,3,1,0,0,1,0]
Results 196 [562,33,4,4,1,0,0,0]
Results 197 [579,22,2,1,1,1,0,0]
Results 198 [590,32,5,1,0,1,0,0]
Results 198 [573,27,4,0,0,1,0,0]
Results 197 [574,26,3,2,0,1,0,0]
Results 196 [574,24,7,1,0,0,0,0]
Results 195 [573,29,2,1,0,0,1,0]
Results 195 [572,30,3,0,0,1,0,0]
Results 194 [573,25,7,1,0,0,0,0]
Results 193 [576,27,3,1,0,0,0,0]
Results 192 [570,31,3,0,0,0,1,0]
Results 193 [579,24,2,0,0,0,1,0]
Results 197 [573,28,2,1,0,1,0,0]
Results 198 [574,26,4,1,0,1,0,0]
Results 196 [577,25,3,0,0,1,0,0]
Results 196 [577,24,4,1,0,0,0,0]
Results 195 [572,31,3,1,0,0,0,0]
Results 198 [580,21,3,1,0,1,0,0]
Results 199 [578,25,1,1,0,1,0,0]
Results 198 [576,26,1,1,0,1,0,0]
Results 197 [580,23,3,0,0,1,0,0]
Results 196 [576,24,5,2,0,0,0,0]
Results 195 [575,27,3,0,0,1,0,0]
Results 194 [579,23,4,1,0,1,0,0]
Results 198 [570,33,2,0,0,1,0,0]
Results 197 [574,27,3,2,0,1,0,0]
Results 196 [582,19,4,0,0,0,1,0]
Results 197 [581,22,1,1,0,1,0,0]
Results 196 [582,17,5,1,0,1,0,0]
Results 195 [577,25,3,0,0,1,0,0]
Results 199 [593,33,3,2,0,0,0,0]
Results 198 [582,21,1,1,0,0,1,0]
Results 198 [569,34,2,1,0,1,0,0]
Results 199 [577,23,5,1,0,1,0,0]
Results 197 [575,26,3,1,0,1,0,0]
Results 198 [576,23,5,3,0,0,0,0]
Results 196 [575,26,4,2,0,0,0,0]
Results 195 [581,20,4,2,0,0,0,0]
Results 194 [580,21,2,2,0,1,0,0]
Results 193 [579,22,3,2,0,1,0,0]
Results 192 [578,20,6,2,1,0,0,0]
Results 200 [586,14,5,1,0,0,1,0]
Results 199 [601,27,2,0,0,1,0,0]
Results 198 [585,18,3,0,0,1,0,0]
Results 197 [580,23,3,0,0,1,0,0]
Results 196 [578,23,4,0,0,1,0,0]
Results 195 [581,22,2,2,0,0,0,0]
Results 194 [599,26,4,0,0,1,0,0]
Results 194 [579,20,6,2,0,0,0,0]
Results 194 [575,25,5,1,0,0,0,0]
Results 194 [582,20,4,0,0,1,0,0]
Results 194 [582,19,6,0,0,1,0,0]
Results 194 [579,22,3,1,0,1,0,0]
Results 194 [579,23,3,1,0,1,0,0]
Results 194 [582,20,4,0,0,1,0,0]
Results 195 [580,21,5,1,0,0,0,0]
Results 198 [573,27,5,0,0,1,0,0]
Results 199 [582,21,3,0,0,1,0,0]
Results 198 [604,23,3,0,0,1,0,0]
Results 199 [579,21,5,2,0,0,0,0]
Results 198 [581,19,3,1,1,0,1,0]
Results 198 [576,25,3,1,0,0,1,0]
Results 197 [571,27,5,1,0,0,1,0]
Results 198 [577,21,6,1,0,0,0,1]
Results 197 [573,25,5,1,0,0,1,0]
Results 196 [582,18,4,0,0,0,1,1]
Results 196 [571,30,3,1,0,0,1,0]
Results 195 [573,28,3,1,0,0,0,1]
Results 195 [578,20,5,0,0,1,0,1]
Results 194 [590,36,2,1,0,0,1,0]
Results 193 [571,24,7,2,0,0,1,0]
Results 197 [582,17,3,1,0,0,1,1]
Results 196 [573,26,4,0,0,0,2,0]
Results 195 [587,12,6,0,0,0,2,0]
Results 197 [627,23,3,0,0,1,0,1]
Results 196 [575,24,4,0,0,1,1,0]
Results 196 [574,22,7,0,0,0,1,0]
Results 197 [570,27,6,0,0,1,1,0]
Results 197 [579,18,4,1,0,0,2,0]
Results 196 [596,24,6,2,0,0,1,0]
Results 196 [566,27,7,2,0,0,1,0]
Results 195 [578,22,3,0,0,1,1,0]
Results 194 [573,25,4,2,0,0,1,0]
Results 195 [595,31,2,1,0,0,1,0]
Results 196 [580,20,3,1,0,0,2,0]
Results 196 [579,17,7,2,0,0,1,0]
Results 197 [573,26,4,0,0,1,0,1]
Results 197 [580,19,3,1,0,1,0,1]
Results 196 [577,21,3,1,0,1,0,1]
Results 196 [576,21,5,1,0,1,1,0]
Results 197 [575,25,3,0,0,1,0,1]
Results 196 [572,29,3,0,0,0,2,0]
Results 196 [602,21,3,1,0,1,0,1]
Results 197 [577,19,8,0,0,0,2,0]
Results 198 [599,22,6,1,0,0,0,1]
Results 197 [576,22,6,1,0,0,1,0]
Results 198 [568,27,7,1,0,0,1,0]
Results 198 [573,26,4,0,0,1,1,0]
Results 198 [567,32,3,1,0,0,1,0]
Results 197 [573,24,5,1,0,0,1,0]
Results 196 [572,24,5,1,1,0,1,0]
Results 195 [575,25,4,0,0,1,1,0]
Results 194 [571,25,5,2,0,0,1,0]
Results 200 [571,27,5,2,0,0,1,0]
Results 199 [601,22,4,0,0,1,0,1]
Results 198 [575,23,3,2,0,1,0,1]
Results 197 [578,20,6,1,0,0,1,0]
Results 196 [587,34,7,1,0,0,1,0]
Results 195 [615,33,4,0,0,1,0,1]
Results 194 [596,28,3,1,0,1,1,0]
Results 193 [574,24,5,0,0,1,0,1]
Results 192 [568,28,6,0,0,1,1,0]
Results 191 [569,28,5,2,0,0,1,0]
Results 192 [562,32,7,2,0,0,1,0]
Results 195 [574,24,4,2,0,0,1,0]
Results 198 [575,23,4,0,0,1,1,0]
Results 198 [566,32,4,1,0,1,0,1]
Results 197 [565,29,8,2,0,0,1,0]
Results 197 [571,26,6,0,0,1,0,1]
Results 196 [569,29,4,1,0,0,2,0]
Results 195 [570,29,3,0,0,0,2,0]
Results 195 [575,24,3,1,0,1,0,1]
Results 199 [577,23,3,0,0,1,1,0]
Results 198 [592,26,8,1,0,0,1,0]
Results 197 [574,27,2,0,0,1,1,0]
Results 197 [580,18,2,2,0,1,0,1]
Results 200 [576,20,6,0,0,1,1,0]
Results 198 [575,22,5,0,0,1,1,0]
Results 199 [567,30,6,1,0,0,1,0]
Results 197 [567,29,6,0,0,1,1,0]
Results 199 [576,25,3,0,0,0,2,0]
Results 199 [571,27,2,2,0,0,2,0]
Results 198 [581,17,4,1,0,0,2,0]
Results 197 [569,25,8,1,0,0,1,0]
Results 198 [570,28,5,0,0,0,1,0]
Results 199 [573,29,2,0,0,0,1,0]
Results 198 [579,23,3,0,0,0,1,0]
Results 197 [567,34,3,0,0,0,1,0]
Results 196 [572,28,4,0,0,0,1,0]
Results 196 [575,27,0,2,0,0,1,0]
Results 195 [588,36,2,1,0,0,1,0]
Results 196 [581,19,3,1,0,0,1,0]
Results 196 [573,30,1,1,0,0,1,0]
Results 195 [622,22,7,0,1,1,1,0]
Results 195 [615,33,3,2,0,0,1,0]
Results 195 [581,20,5,0,0,0,0,1]
Results 198 [578,19,7,1,0,0,1,0]
Results 197 [582,16,4,2,0,0,1,0]
Results 198 [576,26,4,0,0,0,0,1]
Results 197 [580,24,1,1,0,0,1,0]
Results 196 [571,30,3,0,1,0,1,0]
Results 195 [649,22,5,2,1,0,1,0]
Results 194 [642,31,4,0,0,1,1,0]
Results 194 [585,19,2,1,0,0,0,1]
Results 194 [569,28,6,1,0,0,1,0]
Results 194 [579,22,3,1,0,0,1,0]
Results 194 [607,20,1,2,0,0,0,1]
Results 195 [575,25,5,0,0,0,1,0]
Results 197 [576,23,5,0,0,0,1,0]
Results 196 [574,29,2,0,0,0,1,0]
Results 196 [583,18,3,1,0,0,1,0]
Results 197 [574,26,4,1,0,0,1,0]
Results 196 [571,28,6,1,0,0,1,0]
Results 197 [568,35,1,0,0,0,1,0]
Results 197 [598,29,1,1,0,0,1,0]
Results 196 [576,25,4,1,0,0,1,0]
Results 198 [580,21,2,1,0,0,1,0]
Results 197 [602,20,7,0,0,0,0,1]
Results 198 [595,32,3,0,0,0,0,1]
Results 197 [574,24,6,1,0,0,0,1]
Results 198 [577,25,3,0,0,0,1,0]
Results 197 [577,25,2,1,0,0,1,0]
Results 196 [573,27,3,1,0,0,1,0]
Results 196 [571,28,5,0,0,0,1,0]
Results 196 [575,25,3,2,0,0,1,0]
Results 195 [598,27,2,1,0,0,1,0]
Results 194 [606,20,4,0,0,0,1,0]
Results 193 [605,19,5,0,0,0,1,0]
Results 192 [573,26,5,0,0,0,1,0]
Results 191 [571,33,0,1,0,0,1,0]
Results 192 [575,26,3,1,0,0,1,0]
Results 191 [579,25,1,0,0,0,1,0]
Results 192 [568,31,5,1,0,0,1,0]
Results 196 [599,27,2,1,0,0,1,0]
Results 198 [577,25,3,0,0,0,1,0]
Results 198 [584,20,1,1,0,0,1,0]
Results 197 [584,19,1,1,0,0,1,0]
Results 196 [582,19,2,1,0,0,1,0]
Results 196 [584,17,4,1,0,0,1,0]
Results 195 [575,29,2,0,0,0,0,1]
Results 195 [578,23,3,1,0,0,1,0]
Results 194 [693,27,7,0,0,0,1,0]
Results 194 [576,30,0,0,0,0,1,0]
Results 196 [571,31,3,0,0,0,1,0]
Results 194 [587,17,2,1,0,0,1,0]
Results 195 [583,19,4,0,0,0,1,0]
Results 197 [578,23,2,1,0,0,1,0]
Results 196 [573,28,3,1,0,0,1,0]
Results 195 [576,27,2,0,0,0,0,1]
Results 199 [576,21,5,1,0,0,1,1]
Results 199 [571,28,2,2,0,1,1,0]
Results 198 [581,18,1,2,0,0,1,1]
Results 197 [573,28,3,1,0,0,1,0]
Results 196 [572,26,4,1,0,1,1,0]
Results 195 [580,15,5,2,0,1,0,1]
Results 194 [579,16,5,2,0,1,0,1]
Results 193 [572,29,2,1,0,0,2,0]
Results 193 [575,25,2,1,0,1,0,1]
Results 193 [597,26,3,1,1,0,1,0]
Results 194 [579,21,3,1,0,1,1,0]
Results 195 [580,19,2,0,1,0,2,0]
Results 196 [568,28,5,1,0,1,1,0]
Results 195 [580,19,4,2,0,0,1,0]
Results 195 [570,29,3,2,0,0,1,0]
Results 199 [573,28,2,1,1,0,1,0]
Results 199 [573,26,3,1,0,1,1,0]
Results 198 [583,16,3,0,1,0,1,1]
Results 197 [580,20,2,2,1,0,1,0]
Results 196 [572,25,3,2,1,0,1,0]
Results 195 [582,18,2,1,1,0,2,0]
Results 198 [588,13,2,1,0,0,1,1]
Results 197 [583,16,3,2,1,0,1,0]
Results 197 [580,20,3,1,0,1,0,1]
Results 197 [578,23,1,1,1,0,2,0]
Results 196 [578,23,2,2,0,0,1,0]
Results 197 [625,21,6,1,0,1,1,0]
Results 197 [579,22,2,1,1,0,1,0]
Results 197 [580,19,3,2,0,0,2,0]
Results 197 [597,28,1,1,1,0,1,0]
Results 196 [628,22,2,1,1,0,1,0]
Results 196 [581,21,1,0,1,0,2,0]
Results 195 [578,19,5,1,0,0,2,0]
Results 196 [577,23,2,2,0,1,1,0]
Results 195 [585,14,2,2,1,0,2,0]
Results 194 [578,21,2,2,0,0,1,1]
Results 193 [581,20,2,1,1,0,1,0]
Results 193 [576,22,5,1,1,0,1,0]
Results 194 [581,21,0,0,1,0,2,0]
Results 200 [578,22,3,2,0,0,1,0]
Results 199 [581,19,4,1,0,0,0,1]
Results 198 [599,25,4,1,0,0,1,0]
Results 197 [581,22,1,0,1,0,2,0]
Results 196 [575,27,1,1,1,0,1,0]
Results 196 [580,22,2,1,0,0,2,0]
Results 195 [582,17,3,2,0,1,0,1]
Results 194 [577,23,2,0,1,0,2,0]
Results 195 [575,27,1,1,0,1,1,0]
Results 194 [585,15,3,0,1,1,0,1]
Results 193 [601,23,2,2,0,0,2,0]
Results 193 [583,17,3,0,1,0,2,0]
Results 195 [602,22,3,1,1,0,0,1]
Results 196 [585,16,2,1,0,0,2,0]
Results 194 [598,29,0,1,0,1,1,0]
Results 196 [578,24,1,1,1,0,1,0]
Results 198 [580,19,3,1,0,1,1,0]
Results 198 [604,22,2,1,1,0,1,0]
Results 198 [582,21,3,1,1,0,0,0]
Results 199 [583,20,2,1,1,0,0,0]
Results 198 [589,14,1,2,0,0,1,0]
Results 197 [585,18,2,1,0,0,1,0]
Results 198 [584,18,3,1,0,0,1,0]
Results 197 [604,25,1,1,1,0,1,0]
Results 196 [582,23,1,1,0,1,0,0]
Results 196 [583,22,1,1,0,0,1,0]
Results 195 [583,21,3,1,0,0,0,0]
Results 194 [583,21,1,0,1,0,1,0]
Results 195 [580,26,0,1,0,1,0,0]
Results 199 [581,23,1,1,1,0,0,0]
Results 198 [577,25,3,2,0,0,0,0]
Results 197 [583,23,0,1,0,0,1,0]
Results 197 [576,28,2,1,0,0,0,0]
Results 196 [592,9,3,1,1,0,1,0]
Results 198 [583,22,1,1,0,0,1,0]
Results 198 [608,22,2,1,0,0,0,0]
Results 197 [583,22,1,1,1,0,0,0]
Results 196 [581,21,5,1,0,0,0,0]
Results 196 [587,16,2,0,1,0,1,0]
Results 195 [580,24,1,1,0,0,1,0]
Results 194 [577,28,1,1,0,1,0,0]
Results 195 [583,21,2,1,0,0,1,0]
Results 198 [585,19,2,0,1,0,1,0]
Results 197 [585,15,6,1,0,0,0,0]
Results 198 [584,20,2,1,0,1,0,0]
Results 199 [603,24,2,2,0,0,1,0]
Results 198 [589,15,3,0,1,1,0,0]
Results 196 [580,24,0,1,1,0,1,0]
Results 197 [590,16,1,0,1,0,1,0]
Results 195 [587,15,2,1,1,1,0,0]
Results 195 [585,18,4,1,0,0,0,0]
Results 194 [657,20,2,0,1,0,1,0]
Results 194 [587,17,2,1,1,0,0,0]
Results 194 [610,21,0,1,1,0,1,0]
Results 196 [587,19,1,1,0,0,1,0]
Results 197 [584,19,1,2,0,1,0,0]
Results 198 [589,16,2,1,0,0,1,0]
Results 197 [584,21,0,1,0,0,1,0]
Results 198 [588,18,1,1,0,1,0,0]
Results 196 [587,16,3,1,1,0,0,0]
Results 195 [588,16,1,1,1,0,1,0]
Results 195 [589,17,0,1,1,0,0,0]
Results 194 [606,22,4,1,0,0,0,0]
Results 198 [585,17,2,2,1,0,0,0]
Results 198 [583,20,3,1,0,1,0,0]
Results 197 [589,14,3,0,1,0,1,0]
Results 195 [584,19,2,0,1,0,1,0]
Results 196 [580,24,2,1,1,0,0,0]
Results 195 [584,18,2,2,1,0,0,0]
Results 194 [588,17,2,0,1,0,1,0]
Results 194 [586,19,1,0,1,1,0,0]
Results 193 [585,19,1,2,0,0,1,0]
Results 198 [583,21,3,0,1,0,1,0]
Results 199 [573,30,2,1,1,0,0,0]
Results 198 [582,20,3,1,0,1,0,0]
Results 197 [586,15,2,2,1,0,1,0]
Results 196 [602,24,2,3,1,0,0,0]
Results 196 [577,23,3,2,0,1,0,0]
Results 195 [593,9,3,1,1,0,1,0]
Results 194 [605,20,5,1,0,0,0,0]
Results 198 [607,22,1,1,0,0,1,0]
Results 198 [580,20,5,0,1,0,1,0]
Results 197 [581,21,3,1,0,0,1,0]
Results 197 [584,15,5,1,1,0,1,0]
Results 196 [575,27,3,1,0,1,0,0]
Results 198 [600,26,1,3,0,0,1,0]
Results 198 [584,14,5,1,1,0,1,0]
Results 198 [584,16,5,1,0,0,1,0]
Results 200 [585,18,3,0,1,1,0,0]
Results 199 [581,20,4,0,1,0,1,0]
Results 198 [582,21,2,2,0,0,1,0]
Results 197 [580,20,5,1,1,0,0,0]
Results 198 [571,29,2,2,0,2,0,0]
Results 197 [573,26,3,0,1,2,0,0]
Results 197 [562,37,3,1,1,1,0,0]
Results 198 [577,25,4,1,0,1,0,0]
Results 196 [568,33,0,3,0,2,0,0]
Results 196 [575,23,3,2,2,0,0,0]
Results 195 [617,31,3,1,1,1,1,0]
Results 196 [576,22,3,2,2,0,1,0]
Results 196 [572,29,1,1,2,0,1,0]
Results 194 [576,23,4,0,2,1,0,0]
Results 195 [574,26,3,1,1,1,1,0]
Results 193 [564,36,2,1,1,0,1,0]
Results 199 [579,21,3,0,1,1,1,0]
Results 199 [574,24,3,2,1,1,0,0]
Results 198 [571,30,2,1,1,1,0,0]
Results 197 [568,31,2,2,1,0,1,0]
Results 196 [574,25,3,3,0,1,0,0]
Results 194 [570,31,1,1,0,2,0,0]
Results 195 [577,20,6,1,1,1,0,0]
Results 197 [577,22,3,1,1,1,0,0]
Results 197 [572,29,2,1,1,1,0,0]
Results 198 [576,22,3,2,1,1,0,0]
Results 197 [575,25,1,3,1,1,0,0]
Results 196 [594,30,1,3,0,1,1,0]
Results 197 [603,22,3,0,2,0,1,0]
Results 196 [569,32,1,2,0,1,1,0]
Results 196 [565,36,2,2,0,1,0,0]
Results 196 [572,27,2,1,2,0,1,0]
Results 195 [597,25,5,2,1,0,0,0]
Results 200 [602,22,3,2,0,1,1,0]
Results 199 [574,24,2,2,2,0,1,0]
Results 198 [575,24,2,1,2,0,1,0]
Results 196 [578,20,4,3,0,0,1,0]
Results 197 [566,35,1,1,2,1,0,0]
Results 198 [570,29,3,0,2,0,1,0]
Results 197 [572,26,3,2,1,0,1,0]
Results 196 [571,29,0,2,1,0,1,0]
Results 195 [712,35,2,1,1,1,1,0]
Results 194 [568,31,1,2,0,2,0,0]
Results 195 [574,23,4,3,0,1,0,0]
Results 194 [565,35,2,1,1,1,0,0]
Results 193 [568,28,4,2,2,0,0,0]
Results 192 [567,32,1,2,2,1,0,0]
Results 191 [568,30,3,2,1,0,0,0]
Results 192 [565,35,1,1,2,0,1,0]
Results 192 [570,30,2,1,1,0,0,0]
Results 192 [665,30,4,4,1,0,0,0]
Results 192 [574,26,2,2,1,1,0,0]
Results 195 [568,29,5,1,1,0,0,0]
Results 197 [587,37,2,1,0,2,0,0]
Results 198 [568,30,4,2,0,1,0,0]
Results 197 [570,31,1,1,1,0,1,0]
Results 197 [570,29,1,1,2,1,0,0]
Results 197 [558,40,3,1,0,2,0,0]
Results 197 [568,30,1,3,1,1,0,0]
Results 196 [559,38,2,3,0,2,0,0]
Results 196 [624,47,4,1,0,2,0,0]
Results 196 [642,28,6,2,1,0,0,0]
Results 195 [567,30,2,2,2,0,1,0]
Results 195 [564,33,2,3,1,1,0,0]
Results 197 [576,25,3,2,1,0,0,0]
Results 196 [568,35,1,1,0,1,0,0]
Results 196 [585,35,4,3,0,1,0,0]
Results 197 [579,24,2,0,0,1,0,0]
Results 198 [591,31,3,2,1,0,1,0]
Results 197 [572,29,2,2,0,0,0,0]
Results 197 [574,24,5,3,1,0,0,0]
Results 196 [572,28,4,1,1,0,0,0]
Results 195 [574,30,1,0,1,0,0,0]
Results 193 [598,26,4,0,2,0,0,0]
Results 194 [569,32,4,0,0,1,0,0]
Results 192 [569,32,2,2,0,1,0,0]
Results 191 [560,41,4,0,0,1,0,0]
Results 191 [561,41,2,0,1,0,0,0]
Results 194 [573,29,2,1,1,0,0,0]
Results 197 [559,39,6,0,0,1,0,0]
Results 197 [567,33,4,1,1,0,0,0]
Results 196 [570,30,3,1,1,0,0,0]
Results 197 [634,38,3,3,0,1,0,0]
Results 196 [640,31,4,3,1,0,0,0]
Results 198 [572,29,3,0,2,0,0,0]
Results 197 [566,36,1,1,0,1,0,0]
Results 196 [556,44,3,1,0,1,0,0]
Results 195 [593,32,4,2,0,0,0,0]
Results 194 [573,31,1,0,1,0,0,0]
Results 200 [576,25,2,2,0,1,0,0]
Results 199 [576,21,5,2,1,0,0,0]
Results 198 [571,26,7,1,1,0,0,0]
Results 197 [570,32,1,1,1,0,0,0]
Results 197 [570,34,1,1,1,0,0,0]
Results 195 [594,32,3,0,0,1,0,0]
Results 196 [587,38,4,0,0,1,0,0]
Results 195 [564,37,2,1,1,0,0,0]
Results 196 [562,40,3,0,1,0,0,0]
Results 197 [563,34,7,1,1,0,0,0]
Results 197 [566,32,5,1,1,0,0,0]
Results 196 [573,28,3,0,1,1,0,0]
Results 196 [636,41,2,0,0,1,0,0]
Results 195 [567,30,5,3,0,0,0,0]
Results 194 [574,26,3,2,1,0,0,0]
Results 194 [555,45,4,0,0,1,0,0]
Results 193 [565,39,1,0,1,0,0,0]
Results 191 [564,36,4,0,0,1,0,0]
Results 192 [570,30,3,0,2,0,0,0]
Results 193 [567,32,4,0,2,0,0,0]
Results 200 [570,31,2,1,1,0,0,0]
Results 199 [571,25,7,1,1,0,0,0]
Results 198 [562,39,1,2,0,1,0,0]
Results 197 [571,29,3,3,0,0,0,0]
Results 196 [615,35,3,1,1,0,0,0]
Results 195 [565,38,2,0,1,0,0,0]
Results 195 [568,31,4,1,1,0,0,0]
Results 198 [560,39,3,1,0,1,0,0]
Results 199 [571,26,5,0,2,0,0,0]
Results 198 [565,37,1,0,1,0,0,0]
Results 197 [566,33,4,1,0,0,1,0]
Results 197 [588,33,3,1,1,2,0,0]
Results 196 [562,32,5,2,0,2,0,0]
Results 195 [581,43,1,1,0,2,0,0]
Results 194 [551,44,4,2,0,2,0,0]
Results 196 [580,43,3,0,1,2,0,0]
Results 195 [572,48,3,2,0,3,0,0]
Results 196 [561,36,3,2,0,1,0,0]
Results 199 [556,39,4,2,0,3,0,0]
Results 198 [568,30,4,0,1,1,1,0]
Results 198 [559,40,4,0,0,2,0,0]
Results 197 [555,42,3,2,0,2,0,0]
Results 196 [611,33,4,3,0,2,0,0]
Results 195 [560,36,4,0,1,2,0,0]
Results 195 [569,25,6,0,0,2,1,0]
Results 196 [563,37,3,0,1,1,0,0]
Results 194 [560,38,2,0,1,2,0,0]
Results 194 [553,42,4,2,0,3,0,0]
Results 196 [556,41,2,1,0,3,0,0]
Results 199 [558,42,0,1,1,1,0,0]
Results 199 [565,30,5,1,1,1,0,0]
Results 198 [568,29,4,1,1,1,0,0]
Results 197 [564,34,4,0,1,1,0,0]
Results 198 [561,35,3,0,1,2,0,0]
Results 198 [571,27,3,0,2,1,0,0]
Results 197 [566,31,4,0,0,2,0,0]
Results 197 [563,36,0,2,1,2,0,0]
Results 196 [561,33,7,2,0,2,0,0]
Results 195 [589,31,5,2,1,1,0,0]
Results 195 [565,31,3,2,0,2,1,0]
Results 195 [562,38,0,2,0,3,0,0]
Results 196 [561,35,4,1,1,1,0,0]
Results 197 [597,24,4,0,2,2,0,0]
Results 198 [566,29,4,2,0,1,1,0]
Results 198 [567,35,2,0,0,2,0,0]
Results 197 [571,23,6,1,2,1,0,0]
Results 197 [625,44,3,2,0,3,0,0]
Results 196 [563,36,3,0,1,2,0,0]
Results 195 [550,51,1,0,0,2,0,0]
Results 194 [572,27,3,1,2,1,0,0]
Results 193 [565,34,1,0,1,2,0,0]
Results 193 [593,27,4,3,0,1,0,0]
Results 192 [547,49,3,0,1,2,0,0]
Results 191 [564,31,5,1,1,1,0,0]
Results 192 [566,28,6,0,0,3,0,0]
Results 196 [566,30,4,1,1,2,0,0]
Results 197 [558,40,2,0,1,2,0,0]
Results 198 [552,46,2,0,0,3,0,0]
Results 197 [558,39,3,0,0,3,0,0]
Results 196 [570,27,4,0,1,1,0,0]
Results 196 [569,29,2,0,3,1,0,0]
Results 196 [568,29,3,1,1,1,0,0]
Results 199 [561,36,4,0,0,2,0,0]
Results 198 [569,30,2,1,1,2,0,0]
Results 198 [560,40,1,0,0,3,0,0]
Results 197 [571,28,2,1,1,1,1,0]
Results 196 [558,42,1,0,1,2,0,0]
Results 197 [569,33,0,0,2,1,0,0]
Results 196 [563,38,1,0,1,2,0,0]
Results 198 [571,29,2,3,0,1,0,0]
Results 199 [594,30,2,0,1,2,0,0]
Results 198 [614,33,4,0,1,2,0,0]
Results 197 [582,41,3,0,1,2,0,0]
Results 196 [570,29,2,2,1,1,0,0]
Results 195 [570,29,3,0,0,3,0,0]
Results 194 [573,25,3,1,2,1,0,0]
Results 194 [575,25,3,0,0,2,0,0]
Results 193 [571,30,1,0,1,2,0,0]
Results 192 [573,23,5,0,0,3,0,0]
Results 191 [615,33,2,0,1,2,0,0]
Results 197 [566,32,3,0,1,2,0,0]
Results 197 [569,29,3,1,1,2,0,0]
Results 196 [567,35,0,0,2,1,0,0]
Results 196 [589,32,3,2,0,1,0,0]
Results 195 [564,37,2,0,0,2,0,0]
Results 195 [569,30,3,0,0,2,1,0]
Results 198 [569,31,2,0,1,1,0,0]
Results 198 [572,25,4,1,1,1,0,0]
Results 200 [570,26,5,1,1,1,0,0]
Results 199 [578,21,3,1,1,2,0,0]
Results 198 [579,22,2,0,1,1,0,0]
Results 197 [576,26,2,0,1,1,0,0]
Results 198 [576,26,2,1,1,1,0,0]
Results 198 [578,24,3,0,0,2,0,0]
Results 197 [571,32,0,1,0,2,0,0]
Results 196 [577,25,2,0,0,1,0,0]
Results 196 [577,23,4,0,0,2,0,0]
Results 196 [580,23,2,0,0,1,1,0]
Results 195 [567,36,1,0,0,2,0,0]
Results 198 [581,21,2,0,0,1,1,0]
Results 199 [639,36,2,0,1,1,0,0]
Results 198 [573,29,2,0,0,2,0,0]
Results 198 [581,25,0,0,0,1,0,0]
Results 197 [566,34,2,1,0,2,0,0]
Results 196 [603,22,4,1,0,1,0,0]
Results 195 [575,25,2,2,1,1,0,0]
Results 194 [596,31,1,0,1,1,0,0]
Results 194 [576,25,4,0,1,1,0,0]
Results 193 [579,24,2,0,1,1,0,0]
Results 198 [575,26,2,2,0,2,0,0]
Results 197 [580,22,3,1,0,1,0,0]
Results 198 [582,19,1,2,1,1,0,0]
Results 197 [579,24,2,0,0,1,0,0]
Results 196 [606,21,3,0,0,2,0,0]
Results 195 [575,27,1,1,0,2,0,0]
Results 194 [616,37,1,0,0,2,0,0]
Results 195 [570,31,3,0,1,1,0,0]
Results 194 [570,30,3,0,1,1,0,0]
Results 195 [581,18,3,2,0,2,0,0]
Results 199 [574,25,2,2,0,2,0,0]
Results 200 [650,26,2,0,0,1,0,0]
Results 198 [584,18,3,1,0,1,0,0]
Results 197 [573,29,2,0,1,1,0,0]
Results 196 [587,17,1,0,0,2,0,0]
Results 197 [583,22,2,0,0,1,0,0]
Results 198 [584,17,3,2,0,1,0,0]
Results 197 [584,19,3,0,0,1,0,0]
Results 196 [587,17,3,0,0,1,0,0]
Results 195 [583,19,3,1,0,1,0,0]
Results 195 [579,23,2,2,1,1,0,0]
Results 195 [576,27,1,0,1,1,0,0]
Results 194 [583,19,4,0,0,1,0,0]
Results 194 [585,21,0,1,0,1,0,0]
Results 194 [583,20,3,0,0,1,0,0]
Results 193 [586,16,1,2,0,1,1,0]
Results 194 [582,22,3,0,0,1,0,0]
Results 193 [585,19,3,0,0,1,0,0]
Results 192 [626,26,2,0,1,1,0,0]
Results 192 [586,15,3,1,0,1,1,0]
Results 194 [578,25,2,0,0,2,0,0]
Results 198 [584,18,4,0,0,1,0,0]
Results 199 [605,21,3,2,0,2,0,0]
Results 197 [585,18,2,1,0,1,0,0]
Results 198 [649,27,1,2,1,1,0,0]
Results 196 [585,18,3,0,0,1,0,0]
Results 195 [587,19,1,0,0,1,0,0]
Results 195 [610,16,3,1,0,2,0,0]
Results 196 [586,20,1,0,0,1,0,0]
Results 196 [579,25,1,1,0,1,0,0]
Results 196 [608,20,3,0,0,1,0,0]
Results 196 [588,17,1,0,0,1,0,0]
Results 195 [587,16,2,1,0,2,0,0]
Results 195 [588,18,1,0,0,1,0,0]
Results 196 [604,23,2,1,0,2,0,0]
Results 196 [585,19,1,0,1,1,0,0]
Results 196 [612,17,1,1,0,1,0,0]
Results 195 [586,18,2,0,0,1,0,0]
Results 195 [587,15,2,1,0,2,0,0]
Results 195 [584,20,2,0,0,1,0,0]
Results 194 [628,24,1,2,0,2,0,0]
Results 193 [585,19,2,0,0,1,0,0]
Results 191 [586,19,1,0,0,1,0,0]
Results 192 [588,18,1,0,0,1,0,0]
Results 191 [587,18,2,0,0,1,0,0]
Results 190 [582,19,3,2,0,2,0,0]
Results 190 [590,15,1,0,0,2,0,0]
Results 192 [585,17,1,2,0,1,1,0]
Results 196 [584,18,3,0,0,2,0,0]
Results 198 [585,16,3,1,0,2,0,0]
Results 197 [584,15,5,2,0,2,0,0]
Results 198 [580,23,2,1,0,2,0,0]
Results 197 [584,20,1,1,1,1,0,0]
Results 197 [586,15,2,2,0,2,0,0]
Results 197 [613,14,3,0,0,1,1,0]
Results 195 [582,22,2,0,0,1,0,0]
Results 196 [591,13,1,1,0,1,1,0]
Results 195 [581,22,1,2,0,2,0,0]
Results 199 [581,21,3,1,0,1,0,0]
Results 199 [577,26,1,2,0,2,0,0]
Results 198 [587,20,1,0,0,1,0,0]
Results 197 [617,13,0,0,0,1,1,0]
Results 196 [590,16,1,0,0,1,0,0]
Results 196 [588,17,2,0,0,2,0,0]
Results 199 [590,15,2,0,0,1,1,0]
Results 198 [585,17,2,2,0,2,0,0]
Results 198 [588,16,2,1,0,2,0,0]
Results 197 [586,19,1,0,1,1,0,0]
Results 196 [590,16,1,0,0,1,0,0]
Results 195 [580,24,2,0,0,2,0,0]
Results 193 [585,19,1,1,0,2,0,0]
Results 195 [593,13,2,0,0,1,0,0]
Results 194 [587,18,1,0,0,1,0,0]
Results 193 [589,14,1,2,0,1,1,0]
Results 192 [591,15,1,0,0,2,0,0]
Results 191 [580,23,0,2,0,2,0,0]
Results 192 [609,19,2,1,0,1,0,0]
Results 200 [591,14,2,0,0,1,0,0]
Results 199 [587,16,0,2,1,1,0,0]
Results 198 [626,23,4,2,0,2,0,0]
Results 197 [631,21,4,0,0,2,0,0]
Results 196 [586,18,3,0,0,1,0,0]
Results 195 [585,16,2,2,0,1,1,0]
Results 200 [587,21,1,0,0,0,0,0]
Results 199 [594,14,1,0,0,0,0,0]
Results 197 [585,20,2,1,0,0,0,0]
Results 196 [608,21,2,0,0,1,0,0]
Results 198 [590,15,3,2,0,0,0,0]
Results 195 [607,21,3,0,0,1,0,0]
Results 194 [581,24,2,1,0,0,0,0]
Results 193 [607,20,3,1,1,1,0,0]
Results 193 [588,17,3,1,0,0,0,0]
Results 193 [585,24,0,1,0,0,0,0]
Results 192 [590,18,1,0,0,0,0,0]
Results 194 [597,13,0,0,0,0,0,0]
Results 193 [592,17,1,0,0,0,0,0]
Results 196 [593,16,0,0,0,0,0,0]
Results 199 [589,21,0,0,0,0,0,0]
Results 198 [593,15,1,0,0,0,0,0]
Results 198 [586,20,1,2,0,0,0,0]
Results 197 [592,16,1,0,0,0,0,0]
Results 196 [585,22,2,0,0,0,0,0]
Results 195 [586,19,2,2,0,0,0,0]
Results 196 [589,17,1,2,0,0,0,0]
Results 196 [591,17,1,0,0,0,0,0]
Results 198 [586,22,1,0,0,0,0,0]
Results 198 [582,25,0,1,0,0,0,0]
Results 198 [583,21,2,2,0,0,0,0]
Results 198 [583,22,3,1,0,0,0,0]
Results 197 [612,20,1,0,0,0,0,0]
Results 196 [589,20,0,0,0,0,0,0]
Results 197 [585,20,2,2,0,0,0,0]
Results 198 [583,20,2,2,0,0,0,0]
Results 197 [581,24,2,0,0,0,0,0]
Results 196 [585,21,3,0,0,0,0,0]
Results 196 [583,24,1,0,0,0,0,0]
Results 195 [580,22,4,2,0,0,0,0]
Results 195 [585,22,2,0,0,0,0,0]
Results 195 [580,26,1,1,0,0,0,0]
Results 197 [582,22,2,2,0,0,0,0]
Results 197 [583,25,2,0,0,0,0,0]
Results 198 [583,24,1,0,0,0,0,0]
Results 198 [582,25,1,1,0,0,0,0]
Results 197 [582,23,3,0,0,0,0,0]
Results 196 [582,22,4,0,0,0,0,0]
Results 196 [581,25,2,0,0,0,0,0]
Results 195 [591,17,1,0,0,0,0,0]
Results 194 [582,24,2,0,0,0,0,0]
Results 193 [581,24,3,0,0,0,0,0]
Results 193 [583,20,3,2,0,0,0,0]
Results 192 [586,20,2,1,0,0,0,0]
Results 192 [582,22,3,1,0,0,0,0]
Results 196 [584,22,2,0,0,0,0,0]
Results 196 [592,15,1,0,0,0,0,0]
Results 196 [606,25,1,0,0,0,0,0]
Results 197 [591,16,0,1,0,0,0,0]
Results 196 [585,22,1,0,0,0,0,0]
Results 196 [583,23,3,0,0,0,0,0]
Results 195 [581,24,4,0,0,0,0,0]
Results 196 [582,22,5,0,0,0,0,0]
Results 198 [580,28,0,0,0,0,0,0]
Results 197 [579,27,2,0,0,0,0,0]
Results 198 [585,20,1,1,0,0,0,0]
Results 197 [577,31,1,0,0,0,0,0]
Results 196 [582,23,2,1,0,0,0,0]
Results 197 [576,24,3,2,0,0,1,0]
Results 196 [577,24,4,1,0,0,1,0]
Results 197 [582,21,3,1,1,0,0,0]
Results 199 [575,25,5,2,0,0,0,0]
Results 198 [574,28,2,2,0,0,1,0]
Results 197 [579,23,3,1,0,0,1,0]
Results 196 [582,19,4,1,0,1,0,0]
Results 195 [571,30,3,2,0,0,0,0]
Results 195 [570,31,4,2,0,0,0,0]
Results 194 [577,28,1,1,0,0,0,0]
Results 193 [579,21,3,2,0,0,1,0]
Results 193 [579,24,2,1,0,1,0,0]
Results 196 [735,39,2,3,0,0,0,0]
Results 197 [577,24,3,2,1,0,0,0]
Results 197 [570,30,3,1,2,0,0,0]
Results 195 [572,30,3,2,0,0,0,0]
Results 194 [600,25,4,1,1,0,0,0]
Results 196 [570,33,2,2,0,0,0,0]
Results 193 [566,35,4,1,0,0,0,0]
Results 193 [574,27,3,1,0,1,0,0]
Results 195 [577,25,1,2,0,1,0,0]
Results 198 [571,31,3,0,1,0,0,0]
Results 200 [569,33,2,2,0,0,0,0]
Results 199 [578,25,3,0,1,0,0,0]
Results 199 [573,27,2,1,2,0,0,0]
Results 200 [573,28,2,3,0,0,1,0]
Results 198 [575,26,4,1,0,0,0,0]
Results 197 [576,24,3,2,0,0,1,0]
Results 196 [567,33,4,2,0,0,0,0]
Results 195 [598,28,2,2,0,0,0,0]
Results 198 [603,24,1,2,0,0,1,0]
Results 198 [573,28,2,2,0,1,0,0]
Results 199 [576,24,4,1,0,1,0,0]
Results 199 [571,30,4,1,0,0,0,0]
Results 198 [575,27,3,1,0,0,0,0]
Results 197 [599,28,1,2,0,0,1,0]
Results 196 [569,34,1,2,0,0,0,0]
Results 195 [583,19,3,1,0,1,0,0]
Results 194 [570,31,4,1,0,0,0,0]
Results 193 [576,26,3,1,0,1,0,0]
Results 195 [584,17,4,1,0,0,1,0]
Results 199 [566,36,2,0,2,0,0,0]
Results 199 [567,33,5,0,1,0,0,0]
Results 198 [580,22,3,2,0,1,0,0]
Results 197 [567,36,3,0,1,0,0,0]
Results 196 [580,24,2,1,0,1,0,0]
Results 195 [596,27,7,1,0,0,0,0]
Results 196 [580,27,2,1,0,0,0,0]
Results 196 [573,32,1,1,0,0,0,0]
Results 196 [602,28,1,2,0,0,0,0]
Results 197 [576,29,1,1,0,0,0,0]
Results 198 [576,26,3,2,0,0,1,0]
Results 197 [574,27,4,1,0,1,0,0]
Results 197 [577,23,5,1,0,0,1,0]
Results 196 [567,35,4,0,1,0,0,0]
Results 196 [583,20,1,2,0,0,0,0]
Results 197 [569,32,3,1,1,0,0,0]
Results 196 [575,25,3,2,0,0,1,0]
Results 195 [572,27,5,1,0,0,1,0]
Results 194 [568,32,5,0,1,0,0,0]
Results 194 [677,21,4,3,0,1,0,0]
Results 195 [571,30,3,2,0,0,0,0]
Results 194 [574,30,2,1,0,0,0,0]
Results 194 [565,37,3,1,0,1,0,0]
Results 193 [568,33,4,1,0,0,0,0]
Results 192 [572,31,2,1,0,0,0,0]
Results 192 [621,32,2,1,0,0,0,0]
Results 192 [564,38,3,1,1,0,0,0]
Results 192 [578,25,2,1,0,0,0,0]
Results 191 [572,31,2,1,0,0,0,0]
Results 190 [576,26,2,2,0,1,0,0]
Results 192 [569,33,4,0,1,0,0,0]
Results 200 [574,30,0,2,0,0,1,0]
Results 199 [571,31,3,1,0,1,0,0]
Results 197 [577,23,5,1,0,1,0,0]
Results 198 [582,20,3,1,0,0,1,0]
Results 196 [575,27,3,1,0,1,0,0]
Results 194 [598,28,4,1,0,0,0,0]
Results 195 [571,28,5,0,2,0,0,0]
Results 195 [569,33,2,1,0,1,0,0]
Results 195 [574,29,3,0,1,0,0,0]
Results 194 [575,26,4,1,0,1,0,0]
Results 195 [575,26,4,1,0,1,0,0]
Results 196 [572,29,3,2,0,1,0,0]
Results 197 [576,25,4,1,0,0,1,0]
Results 198 [573,28,4,1,0,0,1,0]
Results 197 [578,24,3,1,0,0,0,0]
Results 196 [569,33,5,0,1,0,0,0]
Results 196 [578,22,5,0,2,0,0,0]
Results 196 [577,23,5,1,0,0,1,0]
Results 195 [578,26,3,1,0,0,0,0]
Results 194 [577,23,5,0,1,0,0,0]
Results 193 [576,25,4,1,0,0,0,0]
Results 192 [567,34,4,1,0,0,0,0]
Results 192 [574,28,2,2,0,1,0,0]
Results 191 [605,22,2,2,0,0,1,0]
Results 191 [579,22,4,1,0,0,1,0]
Results 196 [602,24,3,2,0,1,0,0]
Results 197 [570,32,3,1,0,0,0,0]
Results 197 [566,34,3,2,0,1,0,0]
Results 196 [595,31,3,1,1,0,0,0]
Results 196 [571,30,3,0,2,0,0,0]
Results 196 [598,28,5,0,1,0,0,0]
Results 195 [721,35,0,1,0,0,0,0]
Results 194 [573,27,5,0,1,0,0,0]
Results 195 [571,29,5,0,1,0,0,0]
Results 194 [604,21,3,2,0,1,0,0]
Results 195 [577,24,3,1,0,1,0,0]
Results 194 [581,20,5,1,0,0,0,0]
Results 194 [566,34,4,1,1,0,0,0]
Results 199 [571,30,3,2,0,0,0,0]
Results 199 [577,22,3,3,0,1,0,0]
Results 198 [578,24,4,1,0,0,0,0]
Results 197 [570,31,4,0,2,0,0,0]
Results 196 [575,26,3,1,0,1,0,0]
Results 195 [595,31,4,0,1,0,0,0]
Results 195 [568,34,3,0,1,0,0,0]
Results 196 [571,30,2,2,0,0,1,0]
Results 198 [577,25,2,2,0,0,1,0]
Results 198 [573,29,3,1,0,0,1,0]
Results 197 [568,35,3,0,1,0,0,0]
Results 197 [577,28,2,0,1,0,0,0]
Results 196 [577,27,2,0,1,0,0,0]
Results 195 [572,32,1,1,0,1,0,0]
Results 194 [579,21,3,2,0,1,0,0]
Results 194 [572,32,1,0,2,0,0,0]
Results 194 [575,28,2,1,0,1,0,0]
Results 193 [566,38,3,0,1,0,0,0]
Results 200 [597,29,3,1,0,0,1,0]
Results 198 [580,24,1,1,0,1,0,0]
Results 199 [601,26,4,0,1,0,0,0]
Results 197 [575,27,4,0,1,0,0,0]
Results 196 [582,22,3,0,1,0,0,0]
Results 195 [581,22,2,1,0,1,0,0]
Results 200 [606,24,1,1,0,0,0,0]
Results 199 [580,21,3,2,0,0,1,0]
Results 198 [578,27,0,1,0,1,0,0]
Results 197 [571,33,2,0,1,0,0,0]
Results 196 [575,28,2,2,0,1,0,0]
Results 195 [581,22,2,1,0,0,1,0]
Results 194 [576,26,3,1,0,1,0,0]
Results 195 [612,17,2,1,0,0,1,0]
Results 193 [574,29,3,0,1,0,0,0]
Results 194 [588,15,2,2,0,0,1,0]
Results 195 [574,28,5,0,1,0,0,0]
Results 195 [602,27,0,2,0,0,1,0]
Results 196 [573,28,5,0,1,0,0,0]
Results 198 [580,22,4,1,0,0,0,0]
Results 197 [606,21,4,0,1,0,0,0]
Results 197 [597,32,3,0,1,0,0,0]
Results 196 [588,17,2,1,0,0,0,0]
Results 196 [579,25,3,1,0,0,0,0]
Results 196 [580,21,3,2,0,1,0,0]
Results 194 [608,21,2,1,0,1,0,0]
Results 195 [586,19,2,1,0,1,0,0]
Results 196 [581,22,3,1,0,1,0,0]
Results 195 [582,22,2,1,0,0,1,0]
Results 198 [580,24,2,0,2,0,0,0]
Results 197 [581,21,2,2,0,0,1,0]
Results 198 [602,27,2,1,0,1,0,0]
Results 197 [586,17,3,2,0,0,1,0]
Results 196 [582,23,3,0,1,0,0,0]
Results 196 [582,22,3,1,0,0,0,0]
Results 195 [582,21,3,1,0,0,0,0]
Results 196 [587,16,3,1,0,1,0,0]
Results 198 [585,19,3,1,0,1,0,0]
Results 196 [582,21,3,1,0,1,0,0]
Results 197 [581,23,2,0,2,0,0,0]
Results 200 [579,25,2,0,2,0,0,0]
Results 199 [586,19,2,1,0,0,0,0]
Results 199 [580,25,3,0,1,0,0,0]
Results 198 [610,17,3,2,0,0,1,0]
Results 197 [610,18,4,1,0,1,0,0]
Results 196 [584,19,4,0,1,0,0,0]
Results 195 [580,25,1,1,0,1,0,0]
Results 194 [578,24,5,0,1,0,0,0]
Results 194 [588,16,3,1,0,0,0,0]
Results 193 [578,23,6,0,1,0,0,0]
Results 192 [584,20,3,1,0,0,0,0]
Results 191 [583,21,2,1,0,1,0,0]
Results 193 [582,20,5,1,0,0,1,0]
Results 192 [586,17,4,1,0,0,0,0]
Results 196 [583,21,3,0,1,0,0,0]
Results 197 [589,14,2,2,0,0,1,0]
Results 196 [583,22,1,1,0,1,0,0]
Results 196 [635,17,3,1,0,1,0,0]
Results 196 [625,31,2,0,1,0,0,0]
Results 195 [585,21,2,1,0,0,0,0]
Results 195 [585,21,1,1,0,1,0,0]
Results 194 [601,27,4,0,1,0,0,0]
Results 195 [589,17,1,1,0,1,0,0]
Results 194 [585,22,1,1,0,0,0,0]
Results 198 [585,23,1,1,0,0,0,0]
Results 198 [597,12,1,0,0,0,0,0]
Results 198 [594,11,5,0,0,0,0,0]
Results 197 [589,19,1,1,0,0,0,0]
Results 196 [609,22,1,1,0,1,0,0]
Results 195 [595,14,1,0,0,0,0,0]
Results 195 [595,13,2,0,0,0,0,0]
Results 195 [592,16,3,0,0,0,0,0]
Results 197 [597,12,1,0,0,0,0,0]
Results 198 [594,15,2,0,0,0,0,0]
Results 198 [591,18,1,0,0,0,0,0]
Results 198 [598,12,1,0,0,0,0,0]
Results 197 [591,20,0,0,0,0,0,0]
Results 196 [592,15,3,0,0,0,0,0]
Results 195 [592,17,0,1,0,0,0,0]
Results 194 [590,18,2,0,0,0,0,0]
Results 194 [595,15,1,0,0,0,0,0]
Results 194 [595,14,1,0,0,0,0,0]
Results 199 [589,20,0,1,0,0,0,0]
Results 198 [622,11,2,0,0,0,0,0]
Results 198 [593,15,1,0,0,0,0,0]
Results 199 [591,19,0,1,0,0,0,0]
Results 198 [619,14,2,0,0,0,0,0]
Results 197 [615,19,1,0,0,0,0,0]
Results 197 [623,12,1,1,0,0,0,0]
Results 197 [591,18,1,0,0,0,0,0]
Results 199 [593,16,2,0,0,0,0,0]
Results 199 [637,23,1,0,0,0,0,0]
Results 199 [590,17,2,0,0,0,0,0]
Results 198 [592,15,3,0,0,0,0,0]
Results 197 [593,16,1,0,0,0,0,0]
Results 196 [593,16,1,0,0,0,0,0]
Results 196 [587,22,1,0,0,0,0,0]
Results 199 [591,17,1,0,0,0,0,0]
Results 198 [588,21,0,1,0,0,0,0]
Results 197 [666,17,2,0,0,0,0,0]
Results 198 [609,25,0,0,0,0,0,0]
Results 197 [589,18,2,0,0,0,0,0]
Results 196 [588,21,1,0,0,0,0,0]
Results 197 [583,23,3,0,0,0,0,0]
Results 196 [592,15,2,0,0,0,0,0]
Results 195 [589,18,2,0,0,0,0,0]
Results 194 [588,21,0,1,0,0,0,0]
Results 193 [687,20,3,0,0,0,0,0]
Results 192 [592,19,0,0,0,0,0,0]
Results 194 [581,28,1,0,0,0,0,0]
Results 196 [617,14,2,1,0,0,0,0]
Results 199 [595,15,1,0,0,0,0,0]
Results 199 [589,20,0,0,0,0,0,0]
Results 198 [587,20,1,1,0,0,0,0]
Results 198 [588,19,3,0,0,0,0,0]
Results 197 [584,24,2,0,0,0,0,0]
Results 196 [612,17,4,0,0,0,0,0]
Results 197 [591,17,3,0,0,0,0,0]
Results 196 [610,21,3,0,0,0,0,0]
Results 195 [592,17,0,0,0,0,0,0]
Results 196 [593,15,0,0,1,0,0,0]
Results 195 [590,20,0,0,0,0,0,0]
Results 197 [583,24,3,0,0,0,0,0]
Results 197 [592,15,2,0,0,0,0,0]
Results 196 [585,23,2,0,0,0,0,0]
Results 196 [591,17,0,0,0,0,1,0]
Results 196 [586,17,2,1,0,0,1,0]
Results 195 [582,23,1,0,0,1,1,0]
Results 197 [583,23,1,1,0,1,0,0]
Results 196 [588,16,1,1,0,0,1,0]
Results 195 [633,21,1,1,0,0,1,0]
Results 194 [588,17,0,1,0,0,1,0]
Results 193 [583,20,2,1,0,0,1,0]
Results 193 [587,16,2,2,0,0,1,0]
Results 191 [582,19,3,2,0,0,1,0]
Results 192 [587,18,1,1,0,0,1,0]
Results 191 [585,18,2,1,0,0,1,0]
Results 189 [585,18,2,1,0,0,1,0]
Results 190 [590,14,1,0,1,1,1,0]
Results 192 [583,22,0,1,0,0,1,0]
Results 192 [617,11,2,1,0,0,1,0]
Results 200 [578,23,4,0,0,1,1,0]
Results 199 [584,19,2,2,0,0,1,0]
Results 198 [587,18,0,1,0,0,1,0]
Results 197 [584,21,1,1,0,0,1,0]
Results 196 [593,13,1,1,0,1,0,0]
Results 197 [587,16,3,0,0,1,1,0]
Results 196 [585,18,2,1,0,0,1,0]
Results 196 [585,17,3,1,0,1,0,0]
Results 196 [583,20,2,2,0,0,1,0]
Results 195 [578,25,2,1,0,1,0,0]
Results 197 [584,19,2,1,0,1,0,0]
Results 196 [583,20,2,2,0,0,1,0]
Results 195 [635,18,2,1,0,1,0,0]
Results 195 [603,25,1,2,0,0,1,0]
Results 196 [588,14,3,1,0,1,0,0]
Results 196 [583,22,1,1,0,0,1,0]
Results 196 [584,17,2,1,1,0,1,0]
Results 195 [582,20,2,0,0,1,1,0]
Results 196 [583,21,1,1,0,0,1,0]
Results 196 [583,21,0,2,0,0,1,0]
Results 198 [585,19,2,1,0,1,0,0]
Results 198 [587,16,2,2,0,0,1,0]
Results 198 [578,27,0,1,0,0,1,0]
Results 197 [581,24,1,0,0,1,1,0]
Results 196 [604,25,0,2,0,1,0,0]
Results 195 [609,20,2,1,0,1,0,0]
Results 195 [581,25,0,1,0,1,0,0]
Results 194 [604,23,2,2,0,0,1,0]
Results 193 [604,23,1,1,0,1,1,0]
Results 192 [580,22,2,2,0,0,1,0]
Results 192 [580,23,2,1,0,0,1,0]
Results 191 [583,21,0,1,1,0,1,0]
Results 193 [585,15,4,2,0,0,1,0]
Results 192 [577,26,1,2,0,0,1,0]
Results 194 [584,21,0,1,0,1,0,0]
Results 194 [576,28,1,0,0,1,1,0]
Results 195 [604,21,2,2,0,0,1,0]
Results 198 [584,17,3,1,0,0,1,0]
Results 199 [574,27,2,2,0,0,1,0]
Results 198 [580,24,1,1,0,1,0,0]
Results 197 [583,22,0,0,0,1,1,0]
Results 196 [581,25,0,1,0,0,1,0]
Results 196 [571,28,5,1,0,1,0,0]
Results 196 [567,34,2,2,0,1,0,0]
Results 198 [577,22,4,2,0,0,1,0]
Results 198 [621,27,4,2,0,0,1,0]
Results 197 [594,33,2,1,0,1,0,0]
Results 196 [573,29,2,0,1,1,1,0]
Results 195 [575,24,4,1,0,1,1,0]
Results 195 [573,29,2,1,0,0,1,0]
Results 194 [575,26,2,2,0,0,1,0]
Results 193 [565,35,3,2,0,1,0,0]
Results 192 [575,27,2,2,0,1,0,0]
Results 191 [673,27,2,1,0,1,0,0]
Results 191 [572,30,2,1,0,1,0,0]
Results 191 [572,30,1,0,0,1,1,0]
Results 193 [573,29,1,1,0,1,1,0]
Results 200 [578,23,2,1,0,1,1,0]
Results 199 [577,27,1,1,0,1,0,0]
Results 198 [573,27,2,1,0,1,1,0]
Results 197 [583,16,4,3,0,0,1,0]
Results 196 [579,22,1,1,1,1,1,0]
Results 200 [576,23,5,1,0,1,0,0]
Results 199 [575,26,2,0,0,1,1,0]
Results 198 [569,32,2,0,0,1,1,0]
Results 197 [580,19,4,1,1,0,1,0]
Results 196 [573,26,4,1,0,1,0,0]
Results 195 [573,29,1,1,0,0,1,0]
Results 194 [570,32,1,1,0,0,1,0]
Results 194 [574,27,2,2,0,0,1,0]
Results 193 [574,26,2,2,0,0,1,0]
Results 193 [576,25,2,2,0,0,1,0]
Results 194 [573,27,2,1,0,1,1,0]
Results 195 [621,29,2,1,0,1,1,0]
Results 196 [575,27,1,1,0,1,1,0]
Results 196 [580,20,4,1,0,1,0,0]
Results 196 [574,28,2,1,0,1,0,0]
Results 196 [576,22,5,1,0,1,1,0]
Results 198 [576,26,1,1,0,0,1,0]
Results 197 [573,26,4,1,1,0,1,0]
Results 198 [572,27,3,1,1,0,1,0]
Results 197 [575,26,3,0,1,0,1,0]
Results 196 [576,26,1,1,0,0,1,0]
Results 195 [577,24,3,1,0,0,1,0]
Results 198 [607,22,1,1,0,1,0,0]
Results 197 [573,27,3,1,0,1,1,0]
Results 196 [572,27,4,1,0,0,1,0]
Results 197 [567,35,2,1,0,1,0,0]
Results 196 [574,27,3,1,0,0,1,0]
Results 196 [567,32,4,0,0,1,1,0]
Results 197 [573,25,5,1,0,0,1,0]
Results 196 [572,31,0,3,0,1,0,0]
Results 196 [622,28,2,1,0,0,1,0]
Results 195 [570,33,1,1,0,0,1,0]
Results 196 [568,31,3,2,0,1,0,0]
Results 195 [575,23,5,1,0,1,0,0]
Results 200 [570,32,1,1,0,0,1,0]
Results 199 [567,32,3,1,0,1,0,0]
Results 198 [568,31,2,2,0,0,1,0]
Results 197 [567,31,5,1,0,1,0,0]
Results 196 [574,25,4,1,0,0,1,0]
Results 196 [566,30,6,2,0,0,1,0]
Results 195 [569,32,2,1,0,1,1,0]
Results 194 [566,34,2,1,0,1,0,0]
Results 193 [570,27,3,2,0,1,1,0]
Results 193 [603,22,0,3,0,0,1,0]
Results 192 [574,28,0,2,0,0,1,0]
Results 193 [566,33,1,2,0,1,1,0]
Results 194 [620,29,1,2,1,0,1,0]
Results 196 [565,35,3,1,0,1,0,0]
Results 197 [566,30,5,2,0,0,1,0]
Results 196 [569,31,3,1,0,0,1,0]
Results 196 [578,21,4,2,0,0,1,0]
Results 196 [567,33,3,1,0,0,1,0]
Results 198 [569,32,1,1,0,0,1,0]
Results 197 [588,35,3,1,0,1,1,0]
Results 198 [579,20,2,2,0,1,0,0]
Results 197 [620,30,1,2,0,0,1,0]
Results 197 [571,30,1,2,0,1,0,0]
Results 196 [597,27,1,2,0,1,1,0]
Results 196 [575,26,2,2,0,0,1,0]
Results 195 [571,28,2,3,0,0,1,0]
Results 194 [573,27,3,1,0,1,0,0]
Results 193 [598,26,4,2,0,0,1,0]
Results 192 [596,31,2,1,0,0,1,0]
Results 193 [575,26,3,1,0,0,1,0]
Results 196 [574,25,4,1,0,0,1,0]
Results 199 [619,30,2,1,1,0,1,0]
Results 198 [571,30,2,2,0,1,0,0]
Results 197 [567,34,3,1,0,1,0,0]
Results 197 [578,23,2,1,0,0,1,0]
Results 196 [578,26,1,0,0,1,1,0]
Results 195 [577,26,1,1,0,1,0,0]
Results 194 [576,26,2,0,0,1,1,0]
Results 193 [601,26,1,1,0,0,1,0]
Results 192 [591,34,2,2,0,1,0,0]
Results 191 [572,28,2,1,0,1,1,0]
Results 200 [574,29,1,2,0,1,0,0]
Results 199 [602,24,2,1,0,0,1,0]
Results 198 [574,24,4,2,0,1,0,0]
Results 198 [578,22,4,1,0,0,1,0]
Results 197 [591,34,4,1,0,1,1,0]
Results 198 [599,25,4,0,1,0,1,0]
Results 197 [576,26,1,2,0,0,1,0]
Results 197 [576,24,3,2,0,0,1,0]
Results 199 [582,19,3,1,0,0,1,0]
Results 199 [604,23,1,1,0,0,1,0]
Results 198 [599,28,2,1,0,1,0,0]
Results 198 [572,29,3,1,0,1,0,0]
Results 197 [573,27,3,1,0,1,1,0]
Results 198 [574,22,8,1,0,0,1,0]
Results 198 [576,25,2,1,0,1,1,0]
Results 198 [601,22,5,1,0,0,1,0]
Results 197 [575,27,2,0,0,1,1,0]
Results 197 [576,27,2,1,0,1,0,0]
Results 196 [608,18,3,2,0,1,1,0]
Results 197 [584,18,2,1,0,0,1,0]
Results 196 [577,25,1,2,0,0,1,0]
Results 195 [579,22,3,2,0,0,1,0]
Results 195 [572,29,4,1,0,1,0,0]
Results 195 [578,22,5,1,0,0,1,0]
Results 195 [580,22,2,2,0,1,0,0]
Results 194 [581,19,3,2,0,0,1,0]
Results 193 [579,20,4,2,0,0,1,0]
Results 195 [581,23,1,2,0,0,1,0]
Results 199 [581,21,2,1,0,0,1,0]
Results 199 [606,22,1,1,0,1,0,0]
Results 198 [576,23,2,2,0,1,1,0]
Results 197 [578,24,2,1,0,0,1,0]
Results 197 [579,26,1,1,0,0,1,0]
Results 196 [604,22,1,2,0,0,1,0]
Results 197 [579,24,1,1,0,1,0,0]
Results 196 [582,19,3,1,0,0,1,0]
Results 196 [581,21,2,2,0,0,1,0]
Results 198 [578,23,3,2,0,1,0,0]
Results 197 [578,27,2,1,0,0,0,0]
Results 197 [578,26,2,1,0,0,0,0]
Results 197 [585,21,1,1,0,0,0,0]
Results 196 [583,20,5,1,0,0,0,0]
Results 195 [603,22,5,0,0,1,1,0]
Results 194 [602,24,1,2,0,0,1,0]
Results 195 [584,20,3,1,0,0,0,0]
Results 194 [587,19,1,1,0,0,0,0]
Results 196 [581,23,2,1,0,0,0,0]
Results 196 [581,24,3,1,0,0,0,0]
Results 195 [582,23,2,1,0,0,0,0]
Results 194 [586,18,3,1,0,0,0,0]
Results 194 [582,23,4,0,0,0,0,0]
Results 193 [584,20,2,2,0,0,0,0]
Results 193 [702,22,3,2,0,1,0,0]
Results 192 [580,26,2,1,0,0,0,0]
Results 192 [583,22,4,0,0,0,0,0]
Results 190 [586,20,4,0,0,0,0,0]
Results 191 [587,20,1,1,0,0,0,0]
Results 194 [578,27,2,1,0,0,0,0]
Results 200 [583,23,3,1,0,0,0,0]
Results 198 [580,25,2,0,0,0,0,0]
Results 197 [589,14,5,0,0,0,0,0]
Results 199 [607,23,3,0,0,0,0,0]
Results 196 [610,17,4,1,0,0,0,0]
Results 195 [587,19,2,0,0,0,0,0]
Results 194 [587,19,2,0,0,0,0,0]
Results 194 [587,19,2,1,0,0,0,0]
Results 193 [590,16,2,0,0,0,0,0]
Results 195 [588,17,2,0,0,0,0,0]
Results 196 [587,17,5,0,0,0,0,0]
Results 195 [586,21,2,0,0,0,0,0]
Results 197 [583,22,2,0,0,0,0,0]
Results 196 [588,17,3,0,0,0,0,0]
Results 196 [589,16,4,0,0,0,0,0]
Results 195 [584,23,2,0,0,0,0,0]
Results 196 [582,24,2,1,0,0,0,0]
Results 197 [585,21,2,1,0,0,0,0]
Results 196 [582,24,1,1,0,0,0,0]
Results 195 [580,26,2,1,0,0,0,0]
Results 196 [581,25,1,1,0,0,0,0]
Results 195 [591,15,2,0,0,0,0,0]
Results 194 [659,21,2,1,0,0,0,0]
Results 197 [579,28,1,1,0,0,0,0]
Results 197 [593,14,2,0,0,0,0,0]
Results 198 [589,18,2,0,0,0,0,0]
Results 197 [588,19,2,0,0,0,0,0]
Results 196 [595,9,4,0,0,0,0,0]
Results 195 [583,20,5,0,0,0,0,0]
Results 194 [587,19,3,1,0,0,0,0]
Results 194 [592,15,3,0,0,0,0,0]
Results 194 [585,20,3,1,0,0,0,0]
Results 193 [591,17,1,0,0,0,0,0]
Results 194 [592,15,1,0,0,0,0,0]
Results 195 [585,22,2,0,0,0,0,0]
Results 193 [585,22,1,1,0,0,0,0]
Results 194 [595,11,3,0,0,0,0,0]
Results 196 [594,14,1,0,0,0,0,0]
Results 196 [609,22,1,1,0,0,0,0]
Results 197 [617,11,5,0,0,0,0,0]
Results 197 [584,24,1,0,0,0,0,0]
Results 198 [590,18,1,0,0,0,0,0]
Results 198 [598,11,1,0,0,0,0,0]
Results 197 [590,16,3,0,0,0,0,0]
Results 196 [591,16,3,0,0,0,0,0]
Results 196 [588,22,0,0,0,0,0,0]
Results 197 [615,16,3,0,0,0,0,0]
Results 196 [592,16,1,0,0,0,0,0]
Results 196 [591,16,1,1,0,0,0,0]
Results 195 [595,13,1,0,0,0,0,0]
Results 196 [587,21,1,0,0,0,0,0]
Results 194 [587,22,0,1,0,0,0,0]
Results 194 [590,15,1,1,0,1,0,0]
Results 193 [592,15,1,0,0,0,1,0]
Results 192 [592,14,1,0,0,0,1,0]
Results 191 [585,21,0,1,1,0,1,0]
Results 193 [589,17,1,0,0,0,1,0]
Results 192 [585,22,0,1,0,1,0,0]
Results 192 [585,20,1,1,0,0,1,0]
Results 192 [588,15,2,1,0,1,0,0]
Results 200 [592,11,4,0,0,0,1,0]
Results 199 [591,12,4,0,0,1,0,0]
Results 198 [586,18,4,0,0,1,0,0]
Results 197 [587,15,5,0,0,1,0,0]
Results 196 [590,12,6,0,0,1,0,0]
Results 200 [587,17,2,1,0,0,1,0]
Results 199 [586,18,4,0,0,1,0,0]
Results 198 [591,12,5,0,0,1,0,0]
Results 197 [594,11,3,0,0,1,0,0]
Results 196 [588,18,2,0,0,0,1,0]
Results 195 [587,17,4,0,0,1,0,0]
Results 195 [590,10,7,0,0,1,0,0]
Results 194 [590,11,5,1,0,1,0,0]
Results 193 [590,14,3,1,0,0,1,0]
Results 193 [589,19,0,0,0,1,0,0]
Results 194 [589,16,1,0,1,0,1,0]
Results 196 [591,13,3,0,0,0,1,0]
Results 197 [584,22,2,0,0,1,0,0]
Results 196 [592,14,3,0,0,0,1,0]
Results 196 [589,17,1,0,0,1,0,0]
Results 200 [593,8,5,1,0,1,0,0]
Results 199 [592,9,5,1,0,1,0,0]
Results 198 [591,12,4,1,0,0,1,0]
Results 197 [591,11,4,1,0,1,0,0]
Results 196 [598,7,4,0,0,0,1,0]
Results 197 [600,6,2,0,0,0,1,0]
Results 198 [587,19,2,0,0,1,0,0]
Results 197 [590,16,3,0,0,1,0,0]
Results 196 [592,15,2,0,0,0,1,0]
Results 197 [595,12,1,0,0,0,1,0]
Results 197 [595,12,0,0,1,0,1,0]
Results 196 [593,13,1,0,0,0,1,0]
Results 196 [596,11,1,0,1,0,1,0]
Results 195 [592,15,0,0,1,0,1,0]
Results 195 [642,15,1,0,0,0,1,0]
Results 195 [593,14,0,0,1,0,1,0]
Results 196 [595,13,0,0,1,0,1,0]
Results 195 [592,15,2,0,0,1,0,0]
Results 200 [596,9,2,0,0,0,1,0]
Results 199 [594,12,3,0,0,0,1,0]
Results 198 [597,7,4,0,0,0,1,0]
Results 197 [592,13,3,1,0,1,0,0]
Results 196 [589,20,0,0,0,1,0,0]
Results 195 [591,17,0,0,0,1,0,0]
Results 194 [590,19,0,0,0,1,0,0]
Results 193 [596,12,1,0,0,0,1,0]
Results 193 [597,10,1,1,0,0,1,0]
Results 193 [590,17,1,1,0,1,0,0]
Results 193 [613,16,3,0,0,1,0,0]
Results 192 [594,12,3,0,0,1,0,0]
Results 194 [641,15,4,0,0,1,0,0]
Results 193 [588,16,4,0,0,1,0,0]
Results 194 [597,8,4,0,0,0,1,0]
Results 194 [592,17,0,0,0,1,0,0]
Results 194 [598,9,2,0,0,0,1,0]
Results 196 [587,16,4,0,0,1,0,0]
Results 199 [594,10,4,0,0,1,0,0]
Results 198 [590,17,2,0,0,1,0,0]
Results 198 [602,7,1,0,0,0,1,0]
Results 197 [599,9,0,0,1,0,1,0]
Results 197 [595,11,2,0,0,0,1,0]
Results 196 [598,6,4,0,0,0,1,0]
Results 195 [592,11,5,0,0,1,0,0]
Results 195 [620,10,5,0,0,1,0,0]
Results 194 [596,13,0,0,0,0,1,0]
Results 193 [593,13,1,0,1,0,1,0]
Results 192 [594,12,2,0,0,0,1,0]
Results 193 [597,10,2,0,0,0,1,0]
Results 198 [597,10,2,0,0,0,1,0]
Results 199 [594,13,2,0,0,1,0,0]
Results 198 [597,9,2,0,0,0,1,0]
Results 197 [598,8,2,0,0,0,1,0]
Results 197 [602,6,1,0,0,0,1,0]
Results 196 [620,11,2,0,0,0,1,0]
Results 195 [597,8,3,0,0,0,1,0]
Results 194 [598,6,5,0,0,1,0,0]
Results 194 [591,16,0,0,1,0,1,0]
Results 193 [599,8,3,0,0,0,1,0]
Results 200 [595,9,4,0,0,0,1,0]
Results 199 [594,13,1,0,1,0,1,0]
Results 198 [599,11,0,0,0,1,0,0]
Results 198 [597,10,3,0,0,0,1,0]
Results 197 [590,19,0,0,0,1,0,0]
Results 198 [596,11,2,0,0,0,1,0]
Results 198 [597,10,1,0,0,0,1,0]
Results 198 [642,16,1,0,0,0,1,0]
Results 197 [595,11,2,0,1,0,1,0]
Results 198 [667,13,1,0,1,0,1,0]
Results 199 [612,19,2,0,0,1,0,0]
Results 198 [595,13,1,0,0,0,1,0]
Results 197 [593,16,0,0,1,0,1,0]
Results 199 [590,14,4,1,0,1,0,0]
Results 199 [593,15,2,0,0,1,0,0]
Results 198 [598,10,2,0,0,0,1,0]
Results 197 [598,9,2,0,0,0,1,0]
Results 196 [593,12,3,0,0,1,0,0]
Results 197 [587,21,1,0,0,1,0,0]
Results 197 [598,11,0,0,0,1,0,0]
Results 198 [589,19,1,0,0,1,0,0]
Results 197 [593,14,3,0,0,1,0,0]
Results 196 [643,14,1,0,1,0,1,0]
Results 195 [596,13,0,0,1,0,1,0]
Results 195 [590,19,0,0,0,1,0,0]
Results 195 [591,17,0,0,1,0,1,0]
Results 196 [621,12,0,0,1,0,1,0]
Results 196 [618,13,3,0,0,0,1,0]
Results 195 [646,11,2,0,0,0,1,0]
Results 196 [595,10,3,0,0,1,0,0]
Results 196 [593,16,0,0,0,0,1,0]
Results 195 [592,17,1,0,0,0,1,0]
Results 198 [590,16,2,0,0,0,1,0]
Results 197 [593,15,2,0,0,1,0,0]
Results 197 [598,9,3,0,0,1,0,0]
Results 197 [592,14,3,0,0,1,0,0]
Results 199 [592,16,2,0,0,1,0,0]
Results 198 [621,11,3,0,0,1,0,0]
Results 198 [594,12,2,0,0,0,1,0]
Results 197 [595,13,1,0,1,0,1,0]
Results 196 [597,12,0,0,0,0,1,0]
Results 195 [596,13,0,0,0,0,1,0]
Results 194 [598,12,0,0,0,0,1,0]
Results 194 [616,16,3,0,0,1,0,0]
Results 194 [594,15,0,0,0,1,0,0]
Results 194 [595,16,0,0,0,0,1,0]
Results 196 [593,16,1,0,0,0,1,0]
Results 195 [593,16,0,0,0,0,1,0]
Results 194 [718,15,1,0,0,0,1,0]
Results 192 [621,12,0,0,1,0,1,0]
Results 194 [596,15,0,0,0,1,0,0]
Results 193 [596,13,0,0,0,0,1,0]
Results 192 [595,15,0,0,0,1,0,0]
Results 192 [589,18,2,0,0,1,0,0]
Results 191 [595,14,1,0,0,1,0,0]
Results 191 [588,18,3,0,0,1,0,0]
Results 190 [598,13,0,0,0,0,1,0]
Results 189 [590,19,0,0,0,1,0,0]
Results 194 [595,15,0,0,0,0,1,0]
Results 196 [613,19,2,0,0,1,0,0]
Results 198 [599,9,0,0,1,0,1,0]
Results 197 [596,13,0,0,0,0,1,0]
Results 198 [592,14,2,1,0,0,1,0]
Results 196 [592,13,4,0,0,0,1,0]
Results 196 [596,13,0,0,0,0,1,0]
Results 195 [599,11,1,0,0,0,1,0]
Results 194 [598,8,2,1,0,0,1,0]
Results 194 [595,15,0,0,0,1,0,0]
Results 193 [591,19,0,0,0,1,0,0]
Results 196 [594,17,0,0,0,1,0,0]
Results 195 [590,16,3,0,0,1,0,0]
Results 196 [589,17,3,0,0,1,0,0]
Results 197 [593,12,4,0,0,1,0,0]
Results 198 [597,11,1,0,1,0,1,0]
Results 198 [601,8,0,0,0,0,1,0]
Results 197 [596,10,2,0,1,0,1,0]
Results 196 [594,16,1,0,0,1,0,0]
Results 196 [615,18,0,0,0,1,0,0]
Results 195 [591,17,1,0,0,1,0,0]
Results 195 [594,15,2,0,0,1,0,0]
Results 194 [589,18,2,0,0,1,0,0]
Results 193 [620,14,0,0,0,0,1,0]
Results 196 [615,16,3,0,0,1,0,0]
Results 195 [593,14,2,0,0,0,1,0]
Results 195 [588,16,5,0,0,1,0,0]
Results 197 [589,17,3,0,0,1,0,0]
Results 196 [589,18,2,0,0,1,0,0]
Results 196 [590,17,3,0,0,1,0,0]
Results 195 [586,23,0,0,0,1,0,0]
Results 194 [593,15,1,0,0,1,0,0]
Results 195 [591,13,4,1,0,1,0,0]
Results 194 [585,23,2,0,0,1,0,0]
Results 194 [587,21,0,0,0,1,0,0]
Results 194 [593,16,1,0,1,0,1,0]
Results 193 [596,12,0,0,0,1,0,0]
Results 193 [591,17,0,0,0,1,0,0]
Results 194 [583,20,4,1,0,1,0,0]
Results 196 [586,20,3,0,0,1,0,0]
Results 197 [581,24,3,0,0,1,0,0]
Results 198 [589,15,4,0,0,0,1,0]
Results 198 [579,24,5,0,0,1,0,0]
Results 198 [584,24,1,0,0,0,1,0]
Results 197 [585,21,2,0,0,1,0,0]
Results 197 [605,25,2,1,0,0,1,0]
Results 196 [590,12,4,1,1,0,1,0]
Results 196 [584,23,1,1,0,0,0,0]
Results 195 [590,16,3,0,0,0,0,0]
Results 195 [589,20,1,0,0,0,0,0]
Results 195 [585,20,3,0,1,0,0,0]
Results 194 [606,21,4,0,0,1,0,0]
Results 195 [590,17,2,1,0,0,0,0]
Results 194 [591,15,3,1,1,0,0,0]
Results 193 [589,17,2,0,0,1,0,0]
Results 192 [587,22,0,0,0,0,0,0]
Results 192 [593,14,3,1,0,0,0,0]
Results 193 [592,15,3,0,1,0,0,0]
Results 193 [589,16,3,1,1,0,0,0]
Results 193 [583,22,4,1,0,0,0,0]
Results 196 [610,21,2,1,0,0,0,0]
Results 199 [612,18,3,2,0,0,0,0]
Results 198 [588,20,0,1,1,0,0,0]
Results 198 [590,17,2,1,0,0,0,0]
Results 197 [586,24,0,0,0,0,0,0]
Results 196 [583,23,2,1,1,0,0,0]
Results 195 [583,27,0,0,0,0,0,0]
Results 200 [585,20,3,1,1,0,0,0]
Results 199 [583,25,1,0,1,0,0,0]
Results 198 [581,24,3,0,1,0,0,0]
Results 197 [589,17,4,0,0,0,0,0]
Results 196 [587,18,4,0,0,0,0,0]
Results 195 [585,21,3,0,0,0,0,0]
Results 194 [581,24,3,1,0,0,0,0]
Results 194 [586,18,4,2,0,0,0,0]
Results 193 [584,23,3,0,0,0,0,0]
Results 193 [577,32,0,0,0,0,0,0]
Results 195 [587,17,3,1,1,0,0,0]
Results 199 [585,22,1,1,0,0,0,0]
Results 200 [587,19,4,0,0,0,0,0]
Results 199 [589,16,3,1,1,0,0,0]
Results 198 [582,24,2,1,0,0,0,0]
Results 197 [583,23,1,2,0,0,0,0]
Results 196 [611,19,4,0,0,1,0,0]
Results 195 [609,24,1,1,0,0,0,0]
Results 196 [578,27,3,1,0,0,0,0]
Results 196 [588,20,1,0,0,0,0,0]
Results 196 [578,29,2,1,0,0,0,0]
Results 197 [579,26,2,2,0,0,0,0]
Results 196 [579,26,2,0,1,0,0,0]
Results 196 [585,19,2,2,0,0,0,0]
Results 197 [580,29,2,0,0,0,0,0]
Results 195 [628,25,4,1,0,0,0,0]
Results 196 [583,23,4,0,0,0,0,0]
Results 195 [585,22,1,0,1,0,0,0]
Results 195 [575,33,1,1,0,0,0,0]
Results 194 [581,23,4,0,0,1,0,0]
Results 196 [581,23,4,0,1,0,0,0]
Results 199 [584,29,2,1,0,0,1,1]
Results 198 [585,28,1,1,1,0,1,1]
Results 200 [569,28,3,0,2,0,1,1]
Results 199 [566,31,2,1,0,1,1,1]
Results 198 [569,29,2,1,1,0,1,1]
Results 197 [567,30,1,2,0,1,1,1]
Results 196 [568,28,5,1,0,0,1,1]
Results 195 [573,25,2,0,0,2,1,1]
Results 193 [574,22,2,2,0,2,1,1]
Results 194 [568,31,1,1,0,1,2,1]
Results 193 [564,31,0,4,0,1,1,1]
Results 192 [569,27,2,0,0,1,2,1]
Results 193 [568,27,1,3,0,1,1,1]
Results 194 [573,20,5,0,0,2,2,1]
Results 193 [602,20,2,1,0,1,2,1]
Results 193 [573,22,3,2,0,1,1,1]
Results 193 [590,29,6,0,1,0,1,1]
Results 195 [568,28,4,0,1,0,1,1]
Results 196 [559,39,3,1,0,0,1,1]
Results 198 [565,31,2,1,1,0,1,1]
Results 198 [572,22,3,1,1,1,2,1]
Results 199 [568,27,2,1,1,1,2,1]
Results 198 [568,25,5,1,0,2,1,1]
Results 197 [566,32,1,3,0,0,1,1]
Results 197 [576,19,4,2,0,1,1,1]
Results 196 [565,31,5,0,1,0,1,1]
Results 195 [568,29,4,0,1,0,1,1]
Results 194 [574,21,3,0,1,1,2,1]
Results 193 [568,30,2,0,2,0,1,1]
Results 192 [566,27,4,1,1,2,1,1]
Results 199 [574,25,1,1,0,2,1,1]
Results 199 [610,35,4,1,0,1,1,1]
Results 198 [571,27,3,0,1,0,1,1]
Results 197 [571,24,3,0,1,1,2,1]
Results 198 [579,13,7,0,0,3,1,1]
Results 197 [564,32,2,0,1,1,2,1]
Results 196 [596,25,3,1,2,0,1,1]
Results 195 [568,29,3,0,1,0,1,1]
Results 194 [559,34,5,1,0,1,1,1]
Results 193 [565,32,3,0,0,1,1,1]
Results 192 [563,34,2,2,0,1,1,1]
Results 198 [568,25,4,2,0,1,2,1]
Results 199 [598,23,2,1,0,1,2,1]
Results 198 [569,26,3,1,0,1,2,1]
Results 197 [567,28,3,2,0,1,1,1]
Results 198 [566,31,2,1,1,0,1,1]
Results 197 [561,35,1,2,0,1,1,1]
Results 200 [572,24,3,0,0,2,1,1]
Results 199 [561,33,3,2,1,0,1,1]
Results 198 [558,35,6,1,1,0,1,1]
Results 200 [597,22,3,1,0,1,2,1]
Results 199 [562,30,4,3,0,1,1,1]
Results 198 [564,32,4,1,0,0,1,1]
Results 197 [568,26,3,1,0,1,2,1]
Results 200 [557,39,1,4,0,0,1,1]
Results 199 [589,28,4,3,0,1,1,1]
Results 198 [571,21,6,4,0,0,1,1]
Results 197 [566,29,3,1,0,2,1,1]
Results 196 [569,27,2,0,0,3,1,1]
Results 195 [571,21,5,0,1,2,1,1]
Results 196 [567,28,3,2,0,1,1,1]
Results 197 [562,30,6,1,0,1,1,1]
Results 197 [562,31,5,0,1,0,1,1]
Results 197 [570,25,3,1,1,1,1,1]
Results 196 [563,31,5,1,2,0,1,1]
Results 196 [566,27,6,1,1,0,1,1]
Results 196 [559,36,2,2,0,1,1,1]
Results 197 [564,28,5,0,1,1,2,1]
Results 197 [565,27,5,2,0,1,1,1]
Results 195 [557,39,3,2,0,1,1,1]
Results 196 [564,30,3,1,0,1,2,1]
Results 195 [564,27,7,0,2,0,1,1]
Results 196 [553,37,8,2,0,1,1,1]
Results 198 [563,31,3,1,0,1,2,1]
Results 198 [554,40,3,1,0,1,1,1]
Results 198 [563,29,6,0,1,0,1,1]
Results 199 [562,29,7,0,1,0,1,1]
Results 198 [557,38,4,0,1,0,1,1]
Results 198 [560,32,5,1,0,0,1,1]
Results 197 [560,32,5,1,0,0,1,1]
Results 194 [561,34,3,0,1,0,1,1]
Results 195 [558,34,5,1,0,2,1,1]
Results 196 [590,28,3,2,0,1,2,1]
Results 194 [554,38,4,2,1,0,1,1]
Results 195 [561,31,5,2,0,2,1,1]
Results 198 [561,30,5,1,1,1,2,1]
Results 197 [563,28,4,1,1,1,2,1]
Results 196 [553,36,8,2,1,0,1,1]
Results 195 [559,35,5,1,0,0,1,1]
Results 194 [558,35,3,3,0,1,1,1]
Results 193 [559,32,7,0,0,1,1,1]
Results 193 [555,35,5,2,1,0,1,2]
Results 200 [564,26,5,0,0,3,1,1]
Results 199 [581,35,5,0,1,0,1,1]
Results 198 [579,38,5,0,0,1,1,1]
Results 197 [578,37,7,0,0,1,1,1]
Results 196 [586,29,4,3,0,1,1,1]
Results 195 [573,43,4,2,1,0,1,1]
Results 194 [568,48,4,2,0,1,1,1]
Results 194 [555,39,2,2,1,0,1,1]
Results 193 [597,45,4,1,0,1,1,1]
Results 193 [580,36,5,1,0,1,1,1]
Results 198 [553,38,5,2,0,1,1,1]
Results 197 [571,44,4,2,0,1,1,1]
Results 197 [573,42,6,0,1,0,1,1]
Results 197 [568,48,3,2,1,0,1,1]
Results 196 [568,50,2,0,2,0,1,1]
Results 195 [547,43,4,0,2,1,1,1]
Results 195 [578,35,8,0,2,0,1,1]
Results 195 [578,35,5,1,2,1,2,1]
Results 194 [573,39,5,4,0,1,1,1]
Results 193 [569,50,3,1,0,0,1,1]
Results 194 [550,40,3,3,1,0,1,1]
Results 194 [549,39,6,2,1,0,1,1]
Results 195 [685,52,8,1,0,1,1,1]
Results 194 [574,36,7,3,0,1,2,1]
Results 195 [571,46,3,0,0,2,1,1]
Results 196 [554,34,5,3,1,1,1,1]
Results 196 [570,41,8,1,0,1,1,1]
Results 198 [576,35,6,3,0,1,2,1]
Results 197 [550,41,5,0,1,0,1,1]
Results 196 [546,43,3,2,1,1,2,1]
Results 195 [566,44,4,4,1,0,2,1]
Results 195 [572,43,3,3,0,1,1,1]
Results 195 [572,39,8,2,0,1,1,1]
Results 194 [570,45,5,1,0,1,1,1]
Results 194 [560,30,5,1,0,1,2,1]
Results 194 [559,32,6,1,0,1,1,1]
Results 195 [560,28,7,2,0,1,1,1]
Results 194 [551,37,10,1,0,0,1,1]
Results 194 [574,40,5,2,0,1,1,1]
Results 193 [575,35,7,1,2,1,2,1]
Results 198 [545,46,6,0,2,0,1,1]
Results 198 [591,45,5,3,0,1,1,1]
Results 197 [572,42,5,0,2,1,1,1]
Results 197 [584,31,4,2,0,1,2,1]
Results 196 [580,36,6,2,0,0,1,1]
Results 195 [562,26,4,1,3,1,2,1]
Results 197 [570,44,5,2,2,0,1,1]
Results 197 [571,43,5,2,2,0,1,1]
Results 197 [557,32,5,0,2,1,2,1]
Results 196 [555,35,9,0,1,0,1,1]
Results 196 [592,45,6,3,1,0,1,1]
Results 195 [574,40,5,2,0,1,1,1]
Results 197 [555,35,5,3,0,1,1,1]
Results 196 [549,42,3,3,1,0,1,1]
Results 195 [553,36,5,2,1,1,1,1]
Results 197 [584,28,7,1,0,2,1,1]
Results 196 [554,35,6,1,0,1,2,1]
Results 195 [564,30,3,0,0,1,2,1]
Results 196 [558,32,7,0,0,2,1,1]
Results 196 [583,32,8,0,1,0,1,1]
Results 196 [576,38,8,1,1,0,1,1]
Results 196 [578,39,4,0,1,1,2,1]
Results 196 [564,30,3,0,1,2,1,1]
Results 197 [579,38,4,0,2,0,1,1]
Results 197 [579,34,6,1,0,1,2,1]
Results 196 [581,32,6,0,3,0,1,1]
Results 197 [561,29,7,0,0,2,1,1]
Results 196 [577,39,4,2,1,0,1,1]
Results 197 [588,25,8,2,0,1,1,1]
Results 200 [576,39,6,1,2,0,1,1]
Results 199 [579,35,5,3,0,1,1,1]
Results 198 [558,33,6,2,1,0,1,1]
Results 197 [556,35,6,1,1,0,1,1]
Results 196 [553,39,5,1,0,1,1,1]
Results 194 [568,22,5,1,1,1,2,1]
Results 195 [584,34,4,0,0,1,2,1]
Results 192 [581,35,3,2,0,1,1,1]
Results 193 [584,28,8,0,0,2,1,1]
Results 191 [605,34,6,4,0,1,1,1]
Results 191 [559,31,5,1,0,2,1,1]
Results 192 [559,30,6,2,0,2,1,1]
Results 197 [579,36,4,2,0,1,2,1]
Results 199 [579,35,5,2,0,1,1,1]
Results 198 [576,39,6,1,0,1,1,1]
Results 197 [577,38,4,3,0,1,1,1]
Results 198 [574,40,6,0,1,1,1,1]
Results 199 [553,35,5,0,4,0,1,1]
Results 198 [579,32,6,3,1,1,1,1]
Results 198 [560,29,4,1,0,3,1,1]
Results 197 [556,31,7,1,1,1,2,1]
Results 197 [568,42,7,1,3,0,1,1]
Results 197 [577,36,4,2,2,0,1,1]
Results 196 [580,33,5,1,1,1,2,1]
Results 197 [561,30,5,0,1,1,1,1]
Results 196 [581,31,8,1,0,1,2,1]
Results 198 [581,35,4,0,0,2,2,1]
Results 197 [587,25,8,0,1,1,2,1]
Results 198 [587,26,5,2,0,2,1,1]
Results 197 [602,34,6,1,0,2,2,1]
Results 197 [585,27,6,4,0,1,1,1]
Results 197 [582,31,7,2,1,1,1,1]
Results 196 [577,20,6,1,1,0,0,0]
Results 195 [570,26,6,1,3,0,0,0]
Results 196 [600,18,5,0,2,0,1,1]
Results 196 [591,28,5,1,1,0,0,1]
Results 198 [595,29,5,0,1,0,0,0]
Results 198 [567,33,5,0,0,1,0,0]
Results 197 [567,28,8,1,0,1,0,0]
Results 198 [571,26,6,1,0,1,0,0]
Results 196 [566,33,4,2,0,0,0,0]
Results 195 [566,32,6,0,0,1,0,0]
Results 194 [574,24,6,0,0,1,0,0]
Results 194 [567,30,5,2,1,0,0,0]
Results 193 [567,30,6,1,1,0,0,0]
Results 192 [571,27,4,1,0,1,0,0]
Results 192 [565,33,5,2,0,0,0,0]
Results 192 [563,33,5,2,1,0,0,0]
Results 194 [568,29,5,1,1,0,0,0]
Results 195 [561,32,10,2,0,0,0,0]
Results 195 [571,23,9,1,1,0,0,0]
Results 196 [572,28,3,0,2,0,0,0]
Results 195 [635,29,5,1,1,1,1,1]
Results 196 [564,31,6,1,2,0,0,0]
Results 199 [571,25,7,0,0,1,0,0]
Results 199 [562,32,8,2,0,0,0,0]
Results 198 [566,33,5,0,0,1,0,0]
Results 197 [562,31,7,4,0,0,0,0]
Results 197 [571,27,3,2,1,0,0,0]
Results 196 [656,28,6,2,2,1,2,1]
Results 195 [556,36,10,1,0,1,0,0]
Results 194 [563,35,4,0,3,0,0,0]
Results 193 [569,32,2,1,0,1,0,0]
Results 191 [569,24,8,3,1,0,0,0]
Results 192 [561,40,3,0,1,0,0,0]
Results 199 [570,28,5,1,0,1,0,0]
Results 199 [558,35,10,1,0,0,0,0]
Results 198 [610,36,6,0,1,0,0,0]
Results 197 [568,27,7,1,2,0,0,0]
Results 196 [565,27,7,2,2,0,0,0]
Results 195 [564,29,7,1,0,1,0,1]
Results 196 [634,32,7,1,0,2,0,0]
Results 195 [568,30,2,1,1,0,0,1]
Results 194 [553,38,10,1,0,0,0,1]
Results 193 [568,26,4,2,1,1,0,1]
Results 193 [561,34,2,1,2,1,0,1]
Results 198 [584,35,4,1,0,1,0,1]
Results 198 [559,36,5,1,1,0,0,1]
Results 198 [552,40,8,2,0,0,0,1]
Results 197 [564,29,5,2,1,0,1,0]
Results 197 [583,36,5,1,0,1,0,1]
Results 197 [560,31,9,1,0,0,1,0]
Results 197 [557,34,8,1,1,0,1,0]
Results 200 [556,38,6,1,1,0,1,0]
Results 199 [576,37,8,1,3,0,1,0]
Results 198 [560,33,7,0,1,0,1,0]
Results 200 [560,29,7,1,1,1,1,0]
Results 199 [557,33,7,0,2,1,0,1]
Results 198 [551,41,6,1,0,1,0,1]
Results 197 [560,32,4,1,4,0,0,1]
Results 197 [578,38,7,1,1,1,1,0]
Results 198 [558,37,3,1,1,1,0,1]
Results 198 [554,33,8,0,3,1,1,0]
Results 197 [554,37,5,1,1,1,0,1]
Results 197 [538,48,8,2,2,1,1,0]
Results 196 [552,38,8,0,1,1,0,1]
Results 195 [552,43,3,0,1,1,0,1]
Results 197 [547,41,7,2,0,2,1,0]
Results 197 [545,42,7,1,3,1,1,0]
Results 197 [550,42,6,0,0,2,1,0]
Results 197 [560,26,7,2,2,2,0,1]
Results 197 [555,38,3,1,1,1,0,1]
Results 198 [559,32,5,1,2,1,0,1]
Results 197 [562,34,1,0,2,1,0,1]
Results 197 [547,45,3,2,0,2,1,0]
Results 196 [558,32,8,0,2,1,1,0]
Results 195 [549,39,7,2,1,1,1,0]
Results 195 [546,42,8,2,1,1,0,1]
Results 195 [580,33,9,1,1,1,1,0]
Results 198 [552,41,3,2,2,0,0,1]
Results 198 [556,33,7,0,3,1,1,0]
Results 198 [547,48,2,1,1,1,0,1]
Results 198 [557,31,8,1,0,2,0,1]
Results 198 [581,30,8,1,1,1,1,1]
Results 198 [550,40,4,1,3,0,2,0]
Results 197 [554,41,5,0,1,1,0,1]
Results 196 [554,40,3,1,1,1,0,1]
Results 196 [552,37,7,1,1,1,1,0]
Results 198 [557,33,6,0,3,1,0,1]
Results 197 [556,34,4,1,4,0,0,1]
Results 198 [547,42,5,1,3,1,0,1]
Results 196 [552,36,9,1,0,2,0,1]
Results 195 [562,28,6,2,2,1,0,1]
Results 195 [548,43,4,3,1,1,1,0]
Results 193 [579,34,7,1,3,0,2,0]
Results 194 [557,35,4,0,4,0,0,1]
Results 192 [542,43,13,1,0,1,1,0]
Results 191 [577,40,5,0,0,2,1,0]
Results 191 [573,46,4,0,2,0,0,1]
Results 200 [556,35,7,1,0,2,0,1]
Results 199 [553,43,2,0,1,1,0,1]
Results 198 [558,29,10,0,2,1,1,0]
Results 197 [552,42,3,0,2,1,1,0]
Results 196 [555,35,7,2,1,1,0,1]
Results 195 [561,34,2,2,2,0,0,1]
Results 194 [556,32,10,1,1,1,1,0]
Results 194 [560,29,7,0,3,0,1,1]
Results 199 [563,26,10,0,1,1,0,1]
Results 199 [554,34,9,0,3,1,1,0]
Results 197 [563,28,5,0,3,0,1,1]
Results 198 [582,36,5,1,1,1,1,0]
Results 196 [561,30,7,0,2,1,1,0]
Results 195 [567,22,7,1,2,1,0,1]
Results 195 [554,36,8,0,2,1,1,0]
Results 194 [559,30,9,0,2,1,1,0]
Results 196 [590,25,7,1,3,1,0,1]
Results 195 [557,38,4,0,1,1,0,1]
Results 196 [553,40,6,0,2,1,0,1]
Results 195 [561,29,8,2,0,1,1,0]
Results 195 [568,27,4,0,0,2,0,1]
Results 195 [556,35,7,2,0,1,0,1]
Results 196 [583,36,3,1,3,0,0,1]
Results 195 [559,32,7,1,1,1,1,0]
Results 196 [565,31,3,1,0,1,0,1]
Results 197 [563,33,3,0,0,2,0,1]
Results 196 [557,38,3,1,1,1,0,1]
Results 196 [558,33,8,0,2,1,1,0]
Results 195 [560,37,2,1,0,2,0,1]
Results 195 [569,26,3,0,1,2,0,1]
Results 195 [579,40,4,1,1,0,0,1]
Results 195 [562,28,10,0,1,1,1,0]
Results 194 [553,41,5,1,1,0,1,0]
Results 193 [562,36,1,1,0,2,0,1]
Results 193 [553,42,4,1,0,1,0,1]
Results 195 [562,35,1,1,1,1,0,1]
Results 194 [553,43,3,0,2,0,0,1]
Results 193 [604,37,6,1,0,1,0,1]
Results 197 [569,23,5,1,1,2,0,1]
Results 197 [566,32,0,2,0,2,0,1]
Results 196 [555,36,8,1,0,1,1,0]
Results 197 [560,30,7,0,2,1,1,0]
Results 196 [561,29,8,0,1,2,0,1]
Results 199 [547,44,8,1,1,0,1,0]
Results 197 [553,37,7,1,0,2,0,1]
Results 198 [559,32,8,1,1,1,1,0]
Results 197 [550,42,5,1,1,1,0,1]
Results 196 [550,44,5,1,2,0,1,0]
Results 195 [580,38,5,0,0,2,1,0]
Results 194 [561,29,6,1,2,0,1,1]
Results 195 [561,29,8,0,1,2,1,0]
Results 194 [594,51,2,1,1,1,0,1]
Results 194 [553,41,4,0,0,3,0,1]
Results 195 [582,31,8,1,2,1,0,1]
Results 196 [552,40,5,2,0,2,1,0]
Results 196 [551,43,2,2,2,0,0,1]
Results 197 [549,45,4,0,1,1,1,0]
Results 197 [617,50,6,0,2,0,0,1]
Results 196 [557,36,3,2,1,1,0,1]
Results 195 [554,38,6,2,0,1,0,1]
Results 195 [563,26,6,1,2,1,0,1]
Results 195 [584,33,3,2,1,1,0,1]
Results 194 [558,28,9,1,2,1,0,1]
Results 194 [555,33,9,1,2,1,1,0]
Results 195 [556,32,7,0,2,2,1,0]
Results 198 [553,38,6,1,1,1,1,0]
Results 200 [561,29,6,2,2,1,1,0]
Results 199 [553,42,2,2,1,1,0,1]
Results 198 [553,41,1,3,2,0,0,1]
Results 197 [541,51,5,1,1,1,0,1]
Results 196 [555,36,6,1,0,2,0,1]
Results 194 [553,38,6,1,1,1,0,1]
Results 195 [578,36,9,1,0,1,1,0]
Results 194 [554,33,9,3,1,1,1,0]
Results 194 [542,50,5,2,0,1,0,1]
Results 195 [547,44,5,3,0,1,1,0]
Results 199 [627,41,4,3,0,1,0,1]
Results 198 [573,43,5,2,0,1,0,1]
Results 198 [561,29,9,0,0,2,0,1]
Results 197 [552,34,11,2,0,1,0,1]
Results 195 [552,38,6,3,0,1,0,1]
Results 196 [571,47,4,2,0,1,1,0]
Results 194 [576,42,3,2,1,1,1,0]
Results 196 [550,43,3,3,1,0,0,1]
Results 199 [571,42,9,2,0,1,1,0]
Results 198 [549,45,3,2,0,1,1,0]
Results 197 [558,34,5,2,0,1,0,1]
Results 198 [562,29,7,0,1,2,1,0]
Results 198 [568,30,3,0,2,0,0,1]
Results 197 [557,33,7,2,0,1,0,1]
Results 197 [555,38,4,2,0,1,0,1]
Results 196 [670,43,6,2,0,1,0,1]
Results 196 [558,38,4,1,0,1,0,1]
Results 195 [563,34,4,0,0,1,0,1]
Results 200 [550,46,3,3,0,0,1,0]
Results 198 [579,38,5,2,1,1,1,0]
Results 199 [557,36,4,2,0,1,0,1]
Results 197 [554,38,5,1,0,0,1,1]
Results 196 [555,40,5,0,0,1,0,1]
Results 195 [543,48,7,1,1,1,1,0]
Results 195 [555,39,6,0,2,1,1,0]
Results 196 [580,40,1,3,0,1,0,1]
Results 197 [579,42,2,2,0,1,0,1]
Results 195 [555,38,6,1,1,1,1,0]
Results 198 [550,45,3,1,0,1,0,1]
Results 198 [569,24,4,2,2,1,1,0]
Results 198 [557,36,5,1,0,1,0,1]
Results 197 [551,41,6,2,1,0,0,1]
Results 196 [553,40,5,1,1,1,1,0]
Results 195 [575,42,3,2,0,2,0,1]
Results 195 [562,32,7,0,1,1,1,0]
Results 195 [556,40,5,0,1,0,0,1]
Results 194 [559,34,5,2,0,1,0,1]
Results 196 [578,44,2,0,1,0,0,1]
Results 195 [551,45,2,2,0,1,1,0]
Results 195 [558,36,5,1,0,1,1,0]
Results 194 [560,33,8,0,0,1,1,0]
Results 193 [554,44,1,2,1,0,0,1]
Results 195 [578,40,7,0,0,1,0,1]
Results 194 [575,49,1,0,1,0,0,1]
Results 196 [582,37,6,1,0,1,0,1]
Results 197 [553,42,4,2,0,0,0,1]
Results 198 [558,33,8,1,0,1,1,0]
Results 197 [561,34,4,1,0,1,0,1]
Results 197 [580,39,5,1,0,1,1,0]
Results 196 [559,34,6,2,0,1,1,0]
Results 195 [563,27,6,3,1,1,0,1]
Results 195 [566,25,7,1,1,1,1,0]
Results 194 [558,33,7,1,1,1,1,0]
Results 193 [579,42,2,1,1,0,0,1]
Results 192 [563,30,6,1,0,1,1,0]
Results 191 [564,26,8,2,1,1,0,1]
Results 191 [558,38,3,2,1,0,0,1]
Results 200 [566,32,3,2,0,1,0,0]
Results 199 [590,27,5,2,1,1,0,1]
Results 198 [565,30,5,1,1,1,0,0]
Results 197 [560,36,5,2,0,1,0,0]
Results 197 [564,35,4,1,0,1,0,0]
Results 196 [561,38,3,1,0,1,0,0]
Results 195 [568,31,3,1,0,1,0,0]
Results 194 [568,33,4,0,0,1,0,0]
Results 193 [565,33,5,1,0,1,0,0]
Results 192 [565,33,6,0,1,0,0,0]
Results 198 [556,42,4,2,0,0,0,0]
Results 197 [585,34,5,3,0,1,0,0]
Results 197 [563,38,1,1,1,0,0,0]
Results 197 [565,31,6,1,0,1,0,0]
Results 197 [562,37,5,0,0,1,0,0]
Results 196 [567,32,2,2,0,1,0,0]
Results 197 [560,39,2,0,1,1,0,0]
Results 197 [615,30,6,1,1,1,0,0]
Results 199 [563,34,6,0,0,1,0,0]
Results 198 [570,26,6,1,1,1,0,0]
Results 197 [569,26,5,1,1,1,0,0]
Results 197 [579,43,3,0,1,1,0,0]
