Results 99 [594,13,3,1,0,0,0,0]
Results 99 [597,10,2,2,1,0,0,0]
Results 102 [595,12,2,2,1,0,0,0]
Results 103 [597,11,3,2,0,0,0,0]
Results 103 [592,14,5,1,0,0,0,0]
Results 103 [594,13,3,1,0,0,0,0]
Results 102 [614,14,6,1,0,0,0,0]
Results 104 [592,11,8,1,0,0,0,0]
Results 106 [593,14,3,2,0,0,0,0]
Results 106 [588,16,5,2,0,0,0,0]
Results 107 [594,11,4,2,0,0,0,0]
Results 109 [586,16,6,3,0,0,0,0]
Results 110 [594,12,3,2,1,0,0,0]
Results 112 [590,13,4,2,1,0,0,0]
Results 113 [586,17,6,2,0,0,0,0]
Results 114 [593,12,5,2,0,0,0,0]
Results 114 [616,13,3,2,1,0,0,0]
Results 113 [591,13,6,1,0,0,0,0]
Results 114 [587,18,4,2,0,0,0,0]
Results 116 [584,20,5,2,0,0,0,0]
Results 119 [591,10,7,3,0,0,0,0]
Results 120 [587,19,3,2,0,0,0,0]
Results 120 [586,16,7,1,0,0,0,0]
Results 121 [612,15,5,3,0,0,0,0]
Results 120 [592,13,4,2,0,0,0,0]
Results 121 [591,13,4,2,0,0,0,0]
Results 122 [592,15,3,1,0,0,0,0]
Results 125 [594,12,3,2,0,0,0,0]
Results 125 [590,14,6,1,0,0,0,0]
Results 126 [585,20,2,2,1,0,0,0]
Results 127 [588,15,6,1,0,0,0,0]
Results 129 [591,15,5,1,0,0,0,0]
Results 131 [592,12,4,1,0,1,0,0]
Results 132 [588,14,6,1,1,0,0,0]
Results 132 [587,15,5,1,1,0,0,0]
Results 134 [586,16,6,2,0,0,0,0]
Results 133 [614,16,4,1,1,0,0,0]
Results 134 [590,11,8,1,0,0,0,0]
Results 135 [590,11,8,1,0,0,0,0]
Results 137 [591,11,6,2,0,0,0,0]
Results 138 [588,16,4,1,1,0,0,0]
Results 138 [590,15,3,2,0,0,0,0]
Results 141 [590,11,4,4,0,0,0,0]
Results 144 [593,11,3,4,0,0,0,0]
Results 144 [589,18,2,2,0,0,0,0]
Results 144 [586,16,7,1,0,0,0,0]
Results 145 [587,16,2,3,1,0,0,0]
Results 144 [611,16,4,3,0,0,0,0]
Results 147 [588,13,5,2,2,0,0,0]
Results 147 [633,22,3,2,0,0,0,0]
Results 147 [586,18,2,3,1,0,0,0]
Results 147 [584,15,7,1,2,0,0,0]
Results 151 [583,17,8,1,0,0,0,0]
Results 152 [587,16,2,3,0,1,0,0]
Results 154 [587,13,5,2,1,1,0,0]
Results 155 [587,13,5,2,1,1,0,0]
Results 156 [588,13,4,2,1,1,0,0]
Results 156 [583,18,7,0,0,1,0,0]
Results 155 [610,16,4,2,1,1,0,0]
Results 157 [581,19,8,0,0,1,0,0]
Results 157 [577,27,3,1,0,0,0,0]
Results 160 [579,25,4,1,1,0,0,0]
Results 161 [576,27,4,1,1,0,0,0]
Results 161 [587,16,2,2,1,1,0,0]
Results 162 [584,15,9,1,0,0,0,0]
Results 163 [585,13,10,1,0,0,0,0]
Results 165 [583,19,4,1,0,1,0,0]
Results 166 [580,24,3,2,0,0,0,0]
Results 166 [578,24,4,1,1,0,0,0]
Results 167 [582,19,7,1,0,0,0,0]
Results 169 [582,19,5,1,2,0,0,0]
Results 169 [701,26,5,1,0,0,0,0]
Results 170 [581,24,3,1,0,0,0,0]
Results 171 [587,15,4,1,1,0,0,0]
Results 172 [581,23,4,1,0,0,0,0]
Results 174 [584,16,6,1,2,0,0,0]
Results 175 [582,22,4,1,0,0,0,0]
Results 175 [581,22,5,1,0,0,0,0]
Results 176 [580,19,6,1,2,0,0,0]
Results 177 [581,20,5,1,1,0,0,0]
Results 178 [580,20,6,1,1,0,0,0]
Results 183 [580,19,6,1,2,0,0,0]
Results 183 [652,27,4,1,0,0,0,0]
Results 182 [580,20,6,1,1,0,0,0]
Results 183 [583,15,7,1,2,0,0,0]
Results 184 [608,17,3,3,1,0,0,0]
Results 189 [630,19,8,1,0,0,0,0]
Results 188 [578,26,4,1,0,0,0,0]
Results 188 [579,19,8,1,0,0,0,0]
Results 187 [606,18,8,0,0,1,0,0]
Results 188 [609,15,8,1,0,0,0,0]
Results 189 [582,18,7,1,0,0,0,0]
Results 188 [603,21,8,0,0,1,0,0]
Results 191 [580,26,2,1,0,0,0,0]
Results 191 [578,27,2,1,0,0,0,0]
Results 193 [584,17,7,0,0,0,0,0]
Results 194 [604,25,4,1,0,0,0,0]
Results 193 [581,16,7,1,2,0,0,0]
Results 194 [578,22,8,0,0,0,0,0]
Results 197 [580,21,7,0,0,0,0,0]
Results 198 [582,20,5,0,0,1,0,0]
Results 198 [582,20,5,0,0,1,0,0]
Results 198 [582,20,5,0,1,0,0,0]
Results 199 [579,24,4,1,0,0,0,0]
Results 199 [584,20,5,0,0,0,0,0]
Results 198 [582,22,4,1,0,0,0,0]
Results 197 [600,23,9,0,0,0,0,0]
Results 197 [587,16,4,0,2,0,0,0]
Results 196 [582,23,4,0,0,0,0,0]
Results 195 [587,14,5,0,2,0,0,0]
Results 195 [610,15,6,0,2,0,0,0]
Results 194 [586,16,7,0,0,0,0,0]
Results 193 [577,27,4,0,0,0,0,0]
Results 193 [582,23,3,0,1,0,0,0]
Results 193 [583,21,4,0,1,0,0,0]
Results 195 [583,22,4,0,0,0,0,0]
Results 197 [585,17,7,0,0,0,0,0]
Results 196 [582,22,4,0,0,0,0,0]
Results 196 [585,17,6,0,0,0,0,0]
Results 196 [582,23,4,0,0,0,0,0]
Results 195 [587,17,3,0,0,1,0,0]
Results 195 [583,19,6,0,0,0,0,0]
Results 197 [578,28,3,0,0,0,0,0]
Results 198 [586,16,7,0,0,0,0,0]
Results 198 [578,27,3,0,0,0,0,0]
Results 197 [579,27,3,0,0,0,0,0]
Results 197 [583,20,4,0,0,1,0,0]
Results 196 [584,20,2,0,1,1,0,0]
Results 197 [585,18,6,0,0,0,0,0]
Results 198 [585,16,7,0,0,0,0,0]
Results 197 [608,18,7,0,0,0,0,0]
Results 196 [581,24,2,0,1,0,0,0]
Results 196 [580,20,6,0,1,0,0,0]
Results 195 [578,27,1,0,1,0,0,0]
Results 195 [586,19,2,0,1,0,0,0]
Results 194 [580,25,2,0,1,0,0,0]
Results 194 [577,26,3,0,1,0,0,0]
Results 194 [585,20,2,0,1,0,0,0]
Results 196 [583,21,3,0,1,0,0,0]
Results 196 [577,25,4,0,1,0,0,0]
Results 196 [578,25,3,0,1,0,0,0]
Results 197 [581,22,3,0,1,0,0,0]
Results 199 [587,17,2,1,0,0,0,0]
Results 199 [587,18,2,0,1,0,0,0]
Results 198 [584,17,6,0,0,0,0,0]
Results 198 [584,20,2,0,1,0,0,0]
Results 197 [577,27,3,0,1,0,0,0]
Results 196 [578,23,6,0,1,0,0,0]
Results 196 [583,21,2,0,1,0,0,0]
Results 196 [580,24,3,0,1,0,0,0]
Results 197 [584,19,4,0,0,1,0,0]
Results 196 [577,24,6,0,1,0,0,0]
Results 196 [582,23,3,0,0,0,0,0]
Results 197 [610,20,2,1,0,0,0,0]
Results 195 [587,19,4,0,0,0,0,0]
Results 195 [581,21,4,0,0,1,0,0]
Results 196 [585,19,4,0,0,0,0,0]
Results 195 [585,20,3,0,0,0,0,0]
Results 195 [579,24,3,0,1,0,0,0]
Results 196 [585,19,4,0,0,0,0,0]
Results 196 [583,22,3,0,0,0,0,0]
Results 197 [584,23,1,0,0,0,0,0]
Results 198 [581,25,2,0,0,0,0,0]
Results 197 [581,21,5,0,0,0,0,0]
Results 197 [576,29,3,0,0,0,0,0]
Results 196 [582,21,4,0,0,0,0,0]
Results 196 [575,29,3,0,0,0,0,0]
Results 195 [581,25,2,0,0,0,0,0]
Results 197 [581,24,3,0,0,0,0,0]
Results 197 [583,22,3,0,0,0,0,0]
Results 196 [579,27,2,0,0,0,0,0]
Results 196 [579,24,4,0,1,0,0,0]
Results 195 [580,26,1,0,0,0,0,0]
Results 194 [584,20,3,0,0,0,0,0]
Results 195 [679,25,2,0,1,0,0,0]
Results 193 [575,29,3,0,0,0,0,0]
Results 194 [579,24,3,0,1,0,0,0]
Results 197 [629,23,4,0,1,0,0,0]
Results 197 [575,26,5,0,0,1,0,0]
Results 197 [581,20,5,0,0,1,0,0]
Results 196 [580,22,3,1,0,0,0,0]
Results 196 [577,25,5,0,0,0,0,0]
Results 195 [581,21,3,1,0,0,0,0]
Results 194 [700,25,2,1,1,0,0,0]
Results 198 [582,21,4,1,0,0,0,0]
Results 197 [606,22,4,0,0,0,0,0]
Results 197 [576,28,3,0,0,1,0,0]
Results 197 [576,26,4,0,0,0,0,0]
Results 197 [580,23,4,0,0,0,0,0]
Results 196 [579,23,4,1,0,0,0,0]
Results 197 [583,19,4,1,0,0,0,0]
Results 197 [580,23,3,0,1,0,0,0]
Results 196 [607,19,3,2,0,0,0,0]
Results 195 [586,18,2,0,1,0,0,0]
Results 196 [585,19,2,0,1,0,0,0]
Results 195 [585,18,2,2,0,0,0,0]
Results 194 [585,20,3,0,1,0,0,0]
Results 195 [588,17,3,0,1,0,0,0]
Results 197 [586,19,3,0,0,0,0,0]
Results 195 [581,23,3,1,0,0,0,0]
Results 196 [587,19,3,0,0,0,0,0]
Results 194 [585,21,1,0,1,0,0,0]
Results 196 [585,18,4,0,0,1,0,0]
Results 199 [578,26,4,0,0,0,0,0]
Results 198 [580,24,3,1,0,0,0,0]
Results 197 [590,16,1,0,1,0,1,0]
Results 197 [584,21,1,0,1,0,1,0]
Results 196 [585,19,1,2,0,0,0,0]
Results 195 [608,22,1,0,1,0,1,0]
Results 196 [578,26,3,1,0,0,0,0]
Results 195 [584,17,5,0,0,1,0,0]
Results 199 [585,21,1,1,1,0,0,0]
Results 199 [585,20,1,2,0,0,0,0]
Results 198 [587,18,1,0,0,1,1,0]
Results 197 [579,25,4,0,0,0,0,0]
Results 196 [583,23,0,1,1,0,0,0]
Results 195 [582,23,1,1,1,0,0,0]
Results 195 [588,17,1,0,1,0,1,0]
Results 195 [583,20,4,0,0,1,0,0]
Results 196 [585,18,4,0,0,1,0,0]
Results 198 [580,21,6,0,0,1,0,0]
Results 199 [586,19,3,0,0,0,0,0]
Results 198 [583,18,6,0,0,1,0,0]
Results 197 [581,20,6,0,0,1,0,0]
Results 195 [631,22,3,0,0,0,1,0]
Results 196 [589,17,1,2,0,0,0,0]
Results 195 [585,17,5,0,0,1,0,0]
Results 194 [581,19,6,0,0,1,0,0]
Results 195 [579,22,6,0,0,1,0,0]
Results 194 [591,15,1,1,0,0,0,0]
Results 193 [591,15,1,0,1,0,0,0]
Results 192 [682,21,2,1,1,0,0,0]
Results 192 [583,23,1,0,1,0,0,0]
Results 191 [583,22,1,0,1,0,0,0]
Results 190 [587,19,2,0,0,0,0,0]
Results 190 [612,19,1,0,1,0,0,0]
Results 189 [586,20,2,0,1,0,0,0]
Results 190 [588,17,1,0,1,0,0,0]
Results 191 [581,21,4,0,0,0,1,0]
Results 191 [583,21,3,1,0,0,0,0]
Results 196 [591,14,1,0,1,0,0,0]
Results 197 [584,21,2,0,1,0,0,0]
Results 196 [586,19,2,0,0,1,0,0]
Results 196 [580,24,3,0,1,0,0,0]
Results 196 [580,22,4,0,0,0,1,0]
Results 196 [580,23,2,0,1,0,1,0]
Results 195 [659,18,4,0,0,1,0,0]
Results 195 [578,24,4,0,1,0,0,0]
Results 194 [584,20,2,0,1,0,0,0]
Results 195 [583,22,2,0,1,0,0,0]
Results 195 [584,20,1,1,0,0,1,0]
Results 197 [584,20,1,1,0,0,1,0]
Results 197 [593,14,0,0,1,0,0,0]
Results 196 [585,20,2,0,0,0,1,0]
Results 195 [682,21,3,0,1,0,0,0]
Results 196 [587,17,1,0,1,0,1,0]
Results 195 [588,16,1,0,1,0,1,0]
Results 194 [587,17,1,0,1,0,1,0]
Results 195 [586,18,1,0,1,0,1,0]
Results 197 [585,19,2,0,0,1,0,0]
Results 197 [581,23,2,0,0,0,1,0]
Results 198 [583,23,2,0,0,0,1,0]
Results 198 [586,18,1,1,1,0,0,0]
Results 199 [576,26,4,0,1,0,0,0]
Results 198 [610,20,2,0,1,0,0,0]
Results 197 [584,21,1,0,1,0,1,0]
Results 197 [577,25,4,0,1,0,0,0]
Results 196 [612,18,2,0,0,1,0,0]
Results 197 [583,23,2,0,1,0,0,0]
Results 196 [593,14,0,2,0,0,0,0]
Results 196 [577,25,4,0,1,0,0,0]
Results 196 [583,23,2,0,1,0,0,0]
Results 195 [588,17,1,1,1,0,0,0]
Results 194 [582,23,2,0,1,0,0,0]
Results 197 [582,22,4,0,0,0,0,0]
Results 196 [607,23,2,0,1,0,0,0]
Results 198 [583,22,3,1,0,0,0,0]
Results 197 [582,23,3,0,0,0,0,0]
Results 196 [589,17,2,0,0,1,0,0]
Results 195 [581,23,3,1,0,0,0,0]
Results 196 [581,25,2,0,0,0,0,0]
Results 195 [586,19,1,1,1,0,0,0]
Results 195 [584,21,2,0,0,0,1,0]
Results 194 [587,19,2,0,1,0,0,0]
Results 196 [582,22,3,1,0,0,0,0]
Results 195 [585,19,3,1,0,0,0,0]
Results 194 [582,21,4,0,0,1,0,0]
Results 195 [587,17,2,0,1,0,1,0]
Results 195 [591,13,3,0,1,0,0,0]
Results 195 [590,14,2,0,1,0,1,0]
Results 196 [590,15,3,0,0,0,0,0]
Results 195 [612,18,2,0,0,1,0,0]
Results 195 [588,17,3,0,0,0,0,0]
Results 195 [589,16,2,0,1,0,0,0]
Results 195 [584,20,3,0,0,1,0,0]
Results 194 [592,12,2,0,1,0,1,0]
Results 193 [583,21,3,0,0,1,0,0]
Results 193 [580,23,4,0,1,0,0,0]
Results 195 [593,13,1,0,1,0,0,0]
Results 198 [594,12,1,0,1,0,0,0]
Results 198 [592,13,3,0,0,0,0,0]
Results 198 [586,18,4,0,1,0,0,0]
Results 197 [610,19,1,1,0,0,1,0]
Results 197 [582,23,2,0,0,0,1,0]
Results 197 [585,19,2,0,1,0,0,0]
Results 198 [588,20,1,0,0,0,0,0]
Results 197 [584,21,3,0,0,0,0,0]
Results 196 [593,12,2,0,1,0,0,0]
Results 196 [587,18,3,0,0,0,0,0]
Results 195 [585,18,4,0,1,0,0,0]
Results 194 [593,11,4,0,0,0,0,0]
Results 195 [594,10,4,0,0,0,0,0]
Results 193 [582,24,3,1,0,0,0,0]
Results 193 [594,11,2,0,1,0,0,0]
Results 193 [592,13,2,0,1,0,0,0]
Results 197 [590,17,1,0,0,0,0,0]
Results 198 [586,19,3,1,0,0,0,0]
Results 197 [585,19,3,1,0,0,0,0]
Results 197 [584,19,4,0,1,0,0,0]
Results 196 [584,19,4,0,1,0,0,0]
Results 198 [584,21,2,0,0,1,0,0]
Results 197 [604,23,4,0,0,1,0,0]
Results 198 [583,22,2,0,0,1,0,0]
Results 197 [585,19,3,1,0,0,1,0]
Results 196 [582,21,3,0,1,0,0,0]
Results 196 [592,11,3,0,1,0,1,0]
Results 196 [605,22,4,0,1,0,0,0]
Results 197 [593,13,2,0,0,0,0,0]
Results 197 [589,17,2,0,0,0,0,0]
Results 196 [588,17,3,0,0,0,1,0]
Results 197 [590,16,2,0,0,0,0,0]
Results 196 [592,15,2,0,0,0,0,0]
Results 196 [591,16,2,0,0,0,0,0]
Results 195 [586,20,2,0,0,0,1,0]
Results 195 [615,16,2,0,0,0,0,0]
Results 197 [590,17,2,0,0,0,0,0]
Results 196 [588,18,2,0,0,0,0,0]
Results 197 [588,18,2,0,0,0,0,0]
Results 197 [612,16,3,0,0,0,1,0]
Results 198 [612,19,2,0,0,0,0,0]
Results 197 [605,25,2,0,0,0,1,0]
Results 196 [582,22,3,1,0,0,0,0]
Results 196 [586,19,1,1,0,0,0,0]
Results 196 [585,19,3,1,0,0,0,0]
Results 197 [586,20,1,1,0,0,0,0]
Results 196 [588,16,2,2,0,0,0,0]
Results 195 [606,22,3,0,0,0,1,0]
Results 196 [582,23,1,0,0,0,1,0]
Results 195 [585,19,2,2,0,0,0,0]
Results 195 [584,20,2,2,0,0,0,0]
Results 195 [576,25,5,1,0,0,0,0]
Results 195 [584,20,3,0,0,0,0,0]
Results 196 [577,28,1,0,0,0,1,0]
Results 196 [581,25,1,1,0,0,0,0]
Results 195 [581,23,3,0,0,0,0,0]
Results 194 [586,19,3,0,0,0,0,0]
Results 197 [583,21,3,0,0,1,0,0]
Results 196 [588,18,1,0,1,0,0,0]
Results 198 [580,24,3,0,0,0,0,0]
Results 199 [579,22,4,1,1,0,0,0]
Results 199 [574,25,7,0,1,0,0,0]
Results 198 [574,25,7,1,0,0,0,0]
Results 197 [583,22,1,1,0,1,0,0]
Results 197 [602,25,4,0,0,0,0,0]
Results 196 [578,22,7,0,0,0,0,0]
Results 195 [582,22,1,1,0,1,0,0]
Results 196 [579,24,4,0,0,0,0,0]
Results 196 [581,21,2,1,0,2,0,0]
Results 196 [578,24,5,0,0,0,0,0]
Results 196 [575,28,4,0,0,0,0,0]
Results 195 [601,24,6,0,0,0,0,0]
Results 194 [578,24,5,0,0,0,0,0]
Results 194 [578,25,5,0,0,0,0,0]
Results 193 [577,25,5,0,0,0,0,0]
Results 192 [577,24,3,1,1,0,0,0]
Results 195 [573,33,2,0,0,0,0,0]
Results 197 [574,31,2,0,0,0,0,0]
Results 198 [575,27,5,0,0,0,0,0]
Results 197 [576,26,5,0,0,0,0,0]
Results 197 [579,24,4,0,0,0,0,0]
Results 196 [574,27,5,0,0,0,0,0]
Results 196 [643,32,2,2,1,0,0,0]
Results 197 [578,24,3,1,0,1,0,0]
Results 197 [580,23,4,1,0,0,0,0]
Results 197 [580,22,4,0,1,0,0,0]
Results 196 [581,20,4,1,0,0,0,0]
Results 195 [597,30,5,0,0,0,0,0]
Results 195 [572,31,4,0,0,0,0,0]
Results 194 [581,21,3,0,1,0,0,0]
Results 198 [584,19,2,0,1,0,0,0]
Results 197 [579,23,4,0,1,0,0,0]
Results 196 [582,22,3,0,1,0,0,0]
Results 197 [576,26,5,0,0,0,0,0]
Results 196 [582,21,3,0,1,0,0,0]
Results 195 [577,24,3,1,0,1,0,0]
Results 196 [578,25,2,1,0,1,0,0]
Results 195 [574,26,6,0,0,0,0,0]
Results 197 [568,36,2,0,0,0,0,0]
Results 200 [577,26,2,1,0,1,0,0]
Results 199 [643,36,2,0,0,0,0,0]
Results 198 [578,25,2,1,0,1,0,0]
Results 197 [572,32,3,0,0,0,0,0]
Results 197 [572,34,1,0,0,0,0,0]
Results 197 [576,29,2,0,0,0,0,0]
Results 198 [572,27,7,0,0,0,0,0]
Results 197 [579,23,3,1,0,1,0,0]
Results 199 [575,25,4,2,0,0,0,0]
Results 198 [574,26,5,0,1,0,0,0]
Results 198 [594,34,3,0,0,0,0,0]
Results 197 [627,26,3,0,1,0,0,0]
Results 196 [571,30,6,0,0,0,0,0]
Results 195 [595,33,3,0,0,0,0,0]
Results 194 [574,27,2,1,0,1,0,0]
Results 192 [573,29,1,2,1,0,0,0]
Results 193 [574,28,2,1,0,1,0,0]
Results 200 [588,40,3,0,0,0,0,0]
Results 199 [575,27,7,0,0,0,0,0]
Results 198 [576,33,1,1,0,0,0,0]
Results 199 [575,28,4,2,0,1,0,0]
Results 199 [666,31,5,2,0,1,0,0]
Results 198 [672,29,3,0,1,0,0,0]
Results 197 [576,31,5,0,0,0,0,0]
Results 196 [568,31,6,0,0,0,0,0]
Results 195 [564,35,5,0,1,0,0,0]
Results 194 [570,27,8,0,0,0,0,0]
Results 194 [573,25,6,1,1,0,0,0]
Results 193 [567,29,9,0,0,0,0,0]
Results 192 [567,31,6,0,1,0,0,0]
Results 192 [564,34,6,0,1,0,0,0]
Results 191 [571,27,6,1,1,0,0,0]
Results 192 [566,32,6,0,1,0,0,0]
Results 192 [562,35,7,0,1,0,0,0]
Results 191 [562,36,6,0,1,0,0,0]
Results 192 [561,33,9,0,1,0,0,0]
Results 191 [566,32,6,0,1,0,0,0]
Results 196 [564,31,9,0,0,1,0,0]
Results 197 [565,31,7,0,1,0,0,0]
Results 198 [568,30,4,1,0,1,0,0]
Results 197 [639,33,6,1,0,0,0,0]
Results 196 [566,29,7,1,1,0,0,0]
Results 195 [585,37,8,0,0,0,0,0]
Results 195 [568,30,5,1,1,0,0,0]
Results 195 [570,26,5,3,0,1,0,0]
Results 193 [561,33,11,0,0,0,0,0]
Results 194 [562,32,10,1,0,0,0,0]
Results 193 [567,31,5,1,1,0,0,0]
Results 193 [584,37,9,0,0,0,0,0]
Results 195 [566,27,10,1,0,0,0,0]
Results 194 [564,31,9,1,0,0,0,0]
Results 196 [564,34,3,2,1,0,0,0]
Results 195 [665,29,5,3,0,1,0,0]
Results 194 [565,29,10,0,0,1,0,0]
Results 195 [562,32,10,0,0,1,0,0]
Results 195 [565,28,10,1,0,0,0,0]
Results 194 [558,38,9,0,0,0,0,0]
Results 194 [561,32,9,1,0,1,0,0]
Results 195 [617,33,3,2,1,0,0,0]
Results 198 [567,34,5,0,0,0,0,0]
Results 199 [571,24,5,3,0,1,0,0]
Results 198 [580,40,9,0,0,0,0,0]
Results 197 [572,23,5,3,0,1,0,0]
Results 197 [587,36,4,1,1,0,0,0]
Results 196 [564,36,4,0,0,0,0,0]
Results 196 [568,25,8,2,0,1,0,0]
Results 196 [565,36,4,0,0,0,0,0]
Results 195 [564,35,5,0,0,0,0,0]
Results 196 [592,32,6,0,0,0,0,0]
Results 196 [564,35,5,0,0,0,0,0]
Results 196 [563,36,5,0,0,0,0,0]
Results 195 [566,27,8,2,0,1,0,0]
Results 194 [562,36,6,0,0,0,0,0]
Results 195 [564,34,4,1,0,1,0,0]
Results 195 [573,23,5,3,0,1,0,0]
Results 195 [563,35,5,1,0,1,0,0]
Results 198 [567,32,5,0,0,0,0,0]
Results 197 [559,40,5,0,0,0,0,0]
Results 198 [560,38,4,0,1,0,0,0]
Results 197 [564,36,3,1,1,0,0,0]
Results 196 [567,30,4,1,1,0,0,0]
Results 196 [561,36,5,2,1,0,0,0]
Results 196 [566,31,5,2,1,0,0,0]
Results 195 [558,39,8,0,0,0,0,0]
Results 196 [562,35,6,1,1,0,0,0]
Results 196 [566,30,5,2,1,0,0,0]
Results 196 [560,34,9,1,0,0,0,0]
Results 195 [565,35,5,0,0,0,0,0]
Results 194 [559,33,11,1,0,0,0,0]
Results 194 [561,33,9,1,0,0,0,0]
Results 196 [565,34,5,1,1,0,0,0]
Results 199 [566,35,5,1,1,0,0,0]
Results 198 [559,37,9,0,1,0,0,0]
Results 197 [559,35,10,0,0,1,0,0]
Results 196 [564,36,5,0,0,0,0,0]
Results 196 [559,37,4,1,1,1,0,0]
Results 195 [558,38,4,1,1,0,1,0]
Results 194 [553,40,8,0,1,0,0,0]
Results 193 [555,40,8,0,1,0,0,0]
Results 192 [560,36,4,2,1,1,0,0]
Results 200 [546,45,8,0,2,1,0,0]
Results 199 [552,42,5,1,1,1,1,0]
Results 198 [544,44,7,2,1,1,1,0]
Results 197 [548,45,4,1,1,1,1,0]
Results 196 [544,44,9,0,2,0,1,0]
Results 199 [537,50,10,0,2,1,0,0]
Results 198 [551,38,5,3,1,1,1,0]
Results 198 [554,35,4,4,1,1,1,0]
Results 197 [547,42,8,0,2,0,1,0]
Results 196 [539,46,11,1,1,1,1,0]
Results 195 [549,44,5,0,2,0,1,0]
Results 194 [546,46,4,1,1,0,2,0]
Results 194 [544,47,5,0,2,0,1,0]
Results 194 [567,49,4,1,1,0,2,0]
Results 195 [545,39,12,2,0,1,1,0]
Results 197 [547,41,7,2,1,1,1,0]
Results 196 [548,40,6,3,1,1,1,0]
Results 196 [575,37,6,4,1,1,1,0]
Results 197 [545,45,4,2,1,0,2,0]
Results 198 [611,51,5,2,1,1,1,0]
Results 197 [541,42,11,3,0,1,1,0]
Results 198 [543,46,5,2,1,1,1,0]
Results 197 [545,45,6,0,1,1,0,0]
Results 196 [541,48,7,0,2,0,1,0]
Results 196 [541,48,7,0,1,1,0,0]
Results 196 [538,46,11,2,0,1,1,0]
Results 197 [543,45,8,1,1,0,1,0]
Results 198 [539,51,4,2,1,1,1,0]
Results 197 [557,52,11,2,0,1,1,0]
Results 196 [538,51,5,2,1,1,1,0]
Results 195 [534,50,11,2,0,1,1,0]
Results 195 [538,51,5,3,0,0,2,0]
Results 194 [586,48,9,3,0,0,2,0]
Results 194 [542,47,5,2,1,0,2,0]
Results 194 [538,51,5,1,2,1,1,0]
Results 193 [590,45,8,2,1,1,1,0]
Results 193 [535,53,5,3,1,1,1,0]
Results 196 [534,53,10,0,2,0,1,0]
Results 198 [534,51,10,2,0,1,1,0]
Results 198 [542,47,6,2,1,0,1,0]
Results 198 [549,40,5,3,1,0,2,0]
Results 197 [546,45,5,0,2,1,0,0]
Results 197 [551,38,5,3,1,1,1,0]
Results 196 [548,41,9,0,1,1,0,0]
Results 196 [546,40,9,2,0,0,2,0]
Results 197 [543,45,8,2,0,0,2,0]
Results 197 [538,51,6,2,1,0,2,0]
Results 197 [546,42,8,2,0,0,2,0]
Results 196 [554,31,9,4,0,1,1,0]
Results 196 [545,44,5,2,1,1,1,0]
Results 195 [547,41,8,2,0,0,2,0]
Results 194 [534,52,11,0,2,0,1,0]
Results 194 [552,32,8,4,1,1,1,0]
Results 195 [555,51,12,2,1,1,1,0]
Results 194 [539,47,7,2,1,0,2,0]
Results 194 [538,46,10,2,2,1,0,0]
Results 193 [537,47,10,3,0,1,1,0]
Results 197 [537,50,7,2,1,0,2,0]
Results 196 [543,44,9,1,1,0,1,0]
Results 198 [543,48,3,2,2,1,1,0]
Results 198 [544,43,9,1,1,0,1,0]
Results 198 [545,43,8,1,1,0,1,0]
Results 199 [546,45,3,3,1,0,2,0]
Results 198 [544,44,7,2,1,0,1,0]
Results 197 [554,30,11,4,1,0,1,0]
Results 196 [539,47,9,0,2,1,1,0]
Results 198 [549,38,6,3,1,1,1,0]
Results 197 [553,33,7,2,1,1,2,0]
Results 196 [550,37,6,3,1,0,2,0]
Results 195 [546,41,6,2,1,0,3,0]
Results 194 [547,39,9,3,1,0,1,0]
Results 195 [541,44,9,1,3,0,1,0]
Results 194 [538,51,4,3,0,2,1,0]
Results 193 [543,38,11,4,2,0,1,0]
Results 192 [540,48,5,3,1,0,2,0]
Results 193 [564,47,8,2,1,0,2,0]
Results 192 [543,38,11,4,2,0,1,0]
Results 196 [644,59,12,2,2,1,1,0]
Results 196 [542,45,8,0,2,1,1,0]
Results 196 [539,51,5,1,0,1,2,0]
Results 197 [540,47,5,3,1,0,2,0]
Results 196 [543,44,6,3,1,1,1,0]
Results 196 [540,48,4,4,1,0,2,0]
Results 196 [541,46,5,4,1,1,1,0]
Results 197 [549,40,4,3,1,1,1,0]
Results 197 [548,36,9,4,1,0,1,0]
Results 196 [547,42,5,2,1,1,1,0]
Results 195 [538,46,9,2,1,1,1,0]
Results 195 [548,36,9,4,1,0,1,0]
Results 195 [537,48,9,1,2,1,1,0]
Results 194 [548,35,11,4,2,0,1,0]
Results 197 [548,35,10,4,1,0,1,0]
Results 197 [545,44,5,3,1,0,2,0]
Results 196 [543,45,5,3,1,0,2,0]
Results 196 [538,47,7,3,0,1,2,0]
Results 195 [540,46,7,3,0,1,2,0]
Results 195 [536,50,8,1,2,2,0,0]
Results 194 [532,52,9,1,2,2,0,0]
Results 195 [533,52,8,1,2,1,1,0]
Results 196 [531,53,9,1,2,2,0,0]
Results 200 [530,55,8,1,2,2,0,0]
Results 199 [542,40,12,3,1,0,1,0]
Results 198 [542,38,11,4,2,0,1,0]
Results 198 [543,38,11,4,2,0,1,0]
Results 199 [543,43,9,0,2,0,2,0]
Results 198 [538,49,5,3,1,0,2,0]
Results 197 [541,46,6,2,0,0,3,0]
Results 197 [565,44,8,3,1,0,2,0]
Results 197 [535,51,6,3,0,1,2,0]
Results 198 [541,42,12,2,1,0,1,0]
Results 196 [538,48,6,1,2,1,1,0]
Results 197 [535,53,5,3,0,1,2,0]
Results 195 [542,47,6,1,0,0,3,0]
Results 194 [541,40,11,4,2,0,1,0]
Results 193 [542,37,11,5,2,0,1,0]
Results 193 [540,41,11,3,2,0,1,0]
Results 192 [539,48,6,1,2,1,1,0]
Results 200 [540,49,4,3,1,0,2,0]
Results 199 [539,50,4,3,1,0,2,0]
Results 198 [543,46,6,1,0,0,3,0]
Results 199 [539,50,3,3,2,1,1,0]
Results 199 [537,51,7,0,2,1,1,0]
Results 196 [547,44,2,2,1,0,3,0]
Results 197 [541,42,10,3,2,0,1,0]
Results 198 [541,45,9,0,2,0,2,0]
Results 195 [547,44,2,2,1,0,3,0]
Results 195 [545,38,9,5,2,0,1,0]
Results 194 [542,48,3,2,2,1,1,0]
Results 193 [541,49,3,2,2,1,1,0]
Results 196 [539,49,5,3,1,1,1,0]
Results 195 [542,48,3,2,2,1,1,0]
Results 194 [539,45,9,3,1,1,1,0]
Results 193 [540,45,8,3,1,1,1,0]
Results 198 [545,46,3,3,1,1,1,0]
Results 199 [534,54,5,1,2,1,1,0]
Results 198 [534,54,4,2,2,1,1,0]
Results 197 [563,45,10,1,1,0,2,0]
Results 195 [541,49,2,3,1,0,2,0]
Results 196 [540,49,4,3,1,1,1,0]
Results 194 [540,47,8,0,2,1,1,0]
Results 193 [562,51,4,4,1,1,1,0]
Results 192 [547,43,3,1,1,0,3,0]
Results 192 [544,46,4,1,1,0,3,0]
Results 191 [537,48,8,3,2,0,1,0]
Results 193 [537,48,8,3,2,0,1,0]
Results 193 [559,54,4,2,1,1,1,0]
Results 192 [543,43,9,0,2,1,1,0]
Results 192 [545,45,3,1,1,0,3,0]
Results 194 [535,53,5,2,2,1,1,0]
Results 194 [540,48,4,2,2,1,1,0]
Results 193 [541,44,8,3,1,0,1,0]
Results 194 [541,49,5,1,0,0,3,0]
Results 194 [585,53,4,2,2,1,1,0]
Results 194 [589,49,4,2,2,1,1,0]
Results 193 [549,40,4,3,1,0,2,0]
Results 193 [543,45,4,3,1,1,1,0]
Results 192 [533,55,4,4,1,1,1,0]
Results 193 [541,48,5,2,1,0,2,0]
Results 198 [544,43,4,3,1,0,2,0]
Results 199 [539,46,9,1,1,0,2,0]
Results 199 [543,42,10,0,2,0,2,0]
Results 198 [563,50,7,1,1,1,1,0]
Results 197 [539,51,2,3,0,1,2,0]
Results 197 [540,46,7,2,1,1,1,0]
Results 197 [539,47,8,2,1,0,2,0]
Results 195 [566,48,5,0,0,0,3,0]
Results 196 [539,49,7,1,1,1,1,0]
Results 195 [541,45,6,3,1,1,1,0]
Results 195 [534,50,9,2,1,1,1,0]
Results 194 [538,46,8,2,3,0,1,0]
Results 194 [534,52,7,2,1,1,1,0]
Results 194 [536,54,3,3,0,1,2,0]
Results 194 [559,54,3,3,0,1,2,0]
Results 194 [558,56,2,4,0,1,2,0]
Results 193 [530,56,7,3,1,0,1,0]
Results 193 [531,56,4,4,0,1,2,0]
Results 195 [534,50,9,3,1,0,1,0]
Results 195 [534,55,4,1,1,0,3,0]
Results 198 [529,58,4,3,1,1,1,0]
Results 197 [533,53,8,0,2,1,1,0]
Results 196 [538,52,4,1,0,0,3,0]
Results 196 [533,56,3,3,1,1,1,0]
Results 196 [531,54,6,3,0,1,2,0]
Results 195 [542,42,6,4,1,1,1,0]
Results 195 [528,56,7,2,2,1,1,0]
Results 195 [532,57,4,1,0,0,3,0]
Results 195 [529,56,6,2,2,1,1,0]
Results 195 [530,55,6,3,0,2,1,0]
Results 195 [538,51,4,1,0,0,3,0]
Results 196 [529,57,6,3,0,1,2,0]
Results 197 [529,55,10,2,1,0,1,0]
Results 199 [538,53,4,0,1,0,2,0]
Results 198 [533,55,7,2,0,1,1,0]
Results 198 [543,42,7,3,0,1,2,0]
Results 197 [538,53,6,0,0,0,2,0]
Results 196 [545,41,7,3,0,1,2,0]
Results 195 [541,43,9,2,1,1,2,0]
Results 195 [534,58,5,0,0,0,2,0]
Results 194 [542,47,5,3,1,1,0,0]
Results 200 [557,53,7,3,1,0,1,0]
Results 199 [533,57,6,0,1,2,0,0]
Results 198 [534,53,8,3,1,0,0,0]
Results 197 [536,55,5,3,0,0,1,0]
Results 196 [537,53,6,1,1,2,0,0]
Results 196 [541,47,7,0,1,1,1,0]
Results 198 [540,53,4,1,0,0,1,0]
Results 198 [544,45,6,4,1,0,0,0]
Results 198 [543,45,9,1,2,0,0,0]
Results 197 [546,47,4,1,0,0,1,0]
Results 195 [545,46,6,0,1,1,1,0]
Results 196 [541,53,2,3,0,0,1,0]
Results 195 [540,50,6,3,0,1,0,0]
Results 196 [548,43,6,1,1,1,0,0]
Results 199 [545,46,5,2,1,0,1,0]
Results 198 [543,46,7,3,0,1,0,0]
Results 197 [546,49,3,1,0,0,1,0]
Results 196 [542,48,8,1,1,0,0,0]
Results 196 [558,61,3,1,0,0,1,0]
Results 194 [566,47,8,1,1,1,0,0]
Results 195 [549,41,6,2,0,2,0,0]
Results 193 [547,45,6,2,1,0,0,0]
Results 193 [543,48,7,1,1,0,0,0]
Results 194 [542,48,7,3,0,1,0,0]
Results 194 [547,43,6,1,1,1,1,0]
Results 194 [548,43,4,2,1,1,1,0]
Results 196 [545,46,5,2,1,0,1,0]
Results 197 [551,39,6,3,0,2,0,0]
Results 198 [548,43,6,1,1,1,0,0]
Results 197 [550,39,9,1,1,1,0,0]
Results 197 [553,36,7,3,1,1,0,0]
Results 196 [549,39,9,1,1,1,0,0]
Results 195 [545,47,5,1,1,0,1,0]
Results 194 [541,49,8,1,1,0,0,0]
Results 194 [543,49,6,0,1,2,0,0]
Results 194 [539,51,8,1,1,0,0,0]
Results 196 [541,52,5,2,1,0,1,0]
Results 197 [542,47,8,1,1,1,0,0]
Results 198 [535,57,7,0,2,0,0,0]
Results 198 [544,45,7,1,1,1,1,0]
Results 198 [563,51,10,1,1,0,0,0]
Results 197 [541,49,7,1,1,1,1,0]
Results 196 [550,43,6,1,0,0,1,0]
Results 196 [541,51,5,1,1,2,0,0]
Results 195 [532,60,7,0,2,0,0,0]
Results 195 [546,44,8,1,1,0,1,0]
Results 197 [545,50,4,1,0,0,1,0]
Results 197 [551,37,10,1,0,1,1,0]
Results 197 [553,35,10,2,0,1,1,0]
Results 196 [545,49,7,1,0,0,0,0]
Results 196 [549,45,4,1,1,1,1,0]
Results 195 [545,49,4,2,0,0,1,0]
Results 194 [547,47,5,1,0,0,1,0]
Results 194 [551,40,9,1,1,0,0,0]
Results 193 [546,44,6,2,1,1,1,0]
Results 193 [550,40,6,2,1,1,1,0]
Results 193 [547,46,4,2,2,0,0,0]
Results 193 [556,37,4,2,1,0,1,0]
Results 198 [543,49,8,1,0,0,0,0]
Results 197 [551,43,4,2,1,0,1,0]
Results 198 [546,48,7,1,0,0,0,0]
Results 198 [550,44,5,1,1,0,0,0]
Results 200 [545,47,9,1,0,0,0,0]
Results 198 [546,48,7,1,0,0,0,0]
Results 199 [544,49,8,1,0,0,0,0]
Results 197 [556,36,8,1,1,0,0,0]
Results 198 [552,43,3,2,1,1,0,0]
Results 198 [550,43,6,2,0,0,1,0]
Results 197 [550,44,7,0,1,0,0,0]
Results 197 [554,40,4,1,1,2,0,0]
Results 196 [551,40,9,2,0,0,1,0]
Results 194 [549,43,7,1,1,0,0,0]
Results 195 [550,44,4,3,0,1,0,0]
Results 193 [550,44,5,2,0,0,1,0]
Results 193 [551,46,3,1,0,0,1,0]
Results 193 [578,37,6,3,0,2,0,0]
Results 192 [547,46,8,0,1,0,0,0]
Results 195 [549,47,3,2,0,0,1,0]
Results 196 [555,40,3,3,0,1,0,0]
Results 197 [557,38,4,2,0,1,0,0]
Results 197 [548,45,7,1,0,0,1,0]
Results 196 [546,48,6,1,0,0,1,0]
Results 196 [544,49,6,1,0,0,1,0]
Results 196 [550,44,3,3,0,1,0,0]
Results 195 [569,48,7,0,1,0,0,0]
Results 196 [546,49,3,2,0,0,1,0]
Results 195 [548,43,7,2,0,0,1,0]
Results 194 [545,51,3,2,0,0,1,0]
Results 194 [550,42,7,1,1,0,0,0]
Results 196 [555,40,4,2,0,1,0,0]
Results 195 [543,49,8,0,1,0,0,0]
Results 196 [550,45,4,1,1,1,0,0]
Results 196 [551,43,4,0,1,2,0,0]
Results 196 [550,43,5,1,1,1,0,0]
Results 196 [548,45,5,0,2,1,0,0]
Results 196 [548,43,8,2,0,0,1,0]
Results 195 [548,47,3,1,1,2,0,0]
Results 196 [550,42,6,1,1,1,0,0]
Results 195 [547,44,9,0,1,0,0,0]
Results 194 [550,46,4,1,0,0,1,0]
Results 200 [556,36,6,2,0,2,0,0]
Results 199 [552,43,3,1,1,2,0,0]
Results 198 [548,43,9,1,0,0,1,0]
Results 197 [571,44,9,1,0,0,1,0]
Results 197 [549,42,9,1,0,0,1,0]
Results 197 [545,44,11,1,0,0,1,0]
Results 197 [554,41,4,1,1,0,1,0]
Results 196 [551,43,4,1,1,1,0,0]
Results 198 [553,41,6,0,0,0,1,0]
Results 199 [552,41,5,2,1,1,0,0]
Results 198 [555,39,6,1,0,0,1,0]
Results 197 [553,40,5,2,0,1,0,0]
Results 196 [552,42,5,2,0,1,0,0]
Results 195 [548,44,5,1,1,2,0,0]
Results 194 [550,43,5,1,1,1,0,0]
Results 193 [553,42,4,1,0,0,1,0]
Results 193 [551,42,5,1,1,2,0,0]
Results 200 [572,47,4,1,1,2,0,0]
Results 199 [546,48,6,1,0,0,1,0]
Results 198 [549,43,5,3,1,1,0,0]
Results 197 [550,43,5,0,1,2,0,0]
Results 198 [552,39,6,1,1,2,0,0]
Results 199 [549,45,5,1,0,0,1,0]
Results 198 [552,41,5,1,1,1,0,0]
Results 197 [550,41,8,1,0,0,1,0]
Results 196 [552,41,7,1,1,0,0,0]
Results 196 [548,45,7,1,1,0,0,0]
Results 195 [554,39,6,1,1,1,0,0]
Results 197 [553,38,9,0,0,1,0,0]
Results 196 [544,50,4,2,0,0,1,0]
Results 196 [549,38,11,2,0,0,1,0]
Results 195 [549,38,11,2,0,0,1,0]
Results 200 [550,44,4,3,0,0,1,0]
Results 199 [543,52,6,1,0,0,1,0]
Results 198 [557,39,5,1,1,0,0,0]
Results 197 [550,46,4,1,1,1,0,0]
Results 196 [575,40,10,2,0,0,1,0]
Results 195 [550,45,4,1,1,1,0,0]
Results 194 [555,39,6,1,1,0,0,0]
Results 193 [550,44,4,2,1,1,0,0]
Results 192 [553,41,4,2,1,1,0,0]
Results 191 [558,37,6,1,1,0,0,0]
Results 190 [555,39,5,1,1,0,0,0]
Results 190 [543,50,8,0,1,0,0,0]
Results 191 [554,39,6,1,1,0,0,0]
Results 192 [553,42,4,0,1,2,0,0]
Results 193 [548,44,8,1,1,0,0,0]
Results 192 [553,39,7,2,0,0,1,0]
Results 191 [551,42,4,1,1,2,0,0]
Results 193 [596,44,8,1,0,0,1,0]
Results 193 [557,38,5,1,1,0,0,0]
Results 192 [549,44,4,1,1,2,0,0]
Results 191 [555,37,7,2,0,0,1,0]
Results 192 [557,33,6,2,1,2,0,0]
Results 193 [554,38,7,1,1,0,0,0]
Results 193 [550,43,5,1,1,1,0,0]
Results 196 [547,47,5,1,0,0,1,0]
Results 199 [557,34,6,3,0,2,0,0]
Results 199 [572,46,4,1,1,2,0,0]
Results 198 [574,45,4,1,1,2,0,0]
Results 198 [552,35,10,3,0,0,1,0]
Results 198 [556,36,7,1,0,2,0,0]
Results 197 [551,41,7,2,0,0,1,0]
Results 197 [556,37,7,1,1,0,0,0]
Results 197 [580,33,7,2,1,2,0,0]
Results 196 [553,42,6,0,1,0,0,0]
Results 196 [556,38,7,1,0,0,1,0]
Results 195 [552,42,7,1,0,0,1,0]
Results 194 [556,40,4,1,1,2,0,0]
Results 193 [573,45,4,1,1,2,0,0]
Results 193 [554,41,3,1,1,2,0,0]
Results 192 [553,39,8,1,1,0,0,0]
Results 191 [553,39,8,1,0,1,0,0]
Results 191 [578,38,8,1,0,1,0,0]
Results 192 [553,41,4,1,1,2,0,0]
Results 196 [573,46,7,0,1,0,0,0]
Results 195 [559,36,5,1,1,0,0,0]
Results 198 [559,31,8,4,0,0,1,0]
Results 197 [548,42,10,1,1,0,0,0]
Results 196 [563,29,8,2,0,0,1,0]
Results 196 [554,40,4,1,1,2,0,0]
Results 196 [555,39,7,0,0,0,1,0]
Results 195 [558,34,8,1,0,0,1,0]
Results 194 [559,34,7,1,0,0,1,0]
Results 194 [560,33,8,1,0,0,1,0]
Results 195 [568,26,4,2,0,2,0,0]
Results 195 [560,32,9,1,0,0,1,0]
Results 195 [561,35,4,2,1,1,0,0]
Results 196 [557,35,8,1,0,0,1,0]
Results 197 [559,37,4,1,1,1,0,0]
Results 199 [559,36,6,1,1,0,0,0]
Results 198 [600,44,4,1,2,1,0,0]
Results 197 [565,31,5,1,0,1,0,0]
Results 197 [555,41,6,0,1,0,0,0]
Results 196 [567,31,5,1,0,1,0,0]
Results 196 [567,33,2,1,0,1,0,0]
Results 195 [556,39,7,0,1,0,0,0]
Results 200 [559,41,2,1,0,0,1,0]
Results 199 [558,41,3,1,0,0,1,0]
Results 198 [585,37,3,1,1,1,0,0]
Results 197 [584,35,6,1,0,1,0,0]
Results 196 [561,35,5,1,0,0,1,0]
Results 195 [557,40,4,1,0,0,1,0]
Results 195 [641,45,8,3,1,0,1,0]
Results 198 [573,50,2,1,0,0,1,0]
Results 199 [556,41,5,0,2,0,0,0]
Results 197 [565,32,5,1,0,0,1,0]
Results 197 [565,32,5,1,0,0,1,0]
Results 196 [557,39,6,1,0,1,0,0]
Results 196 [577,45,4,1,0,1,0,0]
Results 197 [579,45,2,1,0,0,1,0]
Results 198 [584,33,7,1,1,1,0,0]
Results 198 [557,39,5,1,0,0,1,0]
Results 198 [589,34,2,2,0,0,1,0]
Results 197 [559,35,6,1,0,2,0,0]
Results 197 [553,43,5,1,0,0,1,0]
Results 196 [568,26,6,2,0,0,1,0]
Results 195 [567,27,6,2,0,0,1,0]
Results 195 [555,45,1,2,0,1,0,0]
Results 194 [562,34,4,1,0,2,0,0]
Results 193 [558,37,5,1,0,2,0,0]
Results 193 [590,36,3,2,0,0,1,0]
Results 192 [558,38,4,2,0,1,0,0]
Results 193 [564,31,4,2,0,0,1,0]
Results 195 [580,40,6,1,0,0,1,0]
Results 194 [580,39,7,1,0,0,1,0]
Results 197 [554,44,2,2,0,1,0,0]
Results 197 [564,31,5,1,0,2,0,0]
Results 198 [556,42,3,2,1,0,0,0]
Results 196 [554,43,3,2,1,0,0,0]
Results 197 [548,48,4,2,1,0,0,0]
Results 197 [578,40,5,1,3,0,0,0]
Results 196 [558,42,1,1,0,1,0,0]
Results 198 [564,34,2,2,0,0,1,0]
Results 197 [573,50,1,1,0,1,0,0]
Results 197 [579,39,6,1,0,0,1,0]
Results 196 [553,43,5,0,0,1,0,0]
Results 196 [549,50,3,0,0,1,0,0]
Results 198 [556,44,0,1,0,1,0,0]
Results 197 [546,52,4,0,0,1,0,0]
Results 198 [555,43,4,1,0,1,0,0]
Results 199 [547,47,6,2,1,0,0,0]
Results 198 [549,44,7,2,1,0,0,0]
Results 198 [565,30,5,1,0,2,0,0]
Results 197 [560,37,3,2,0,0,1,0]
Results 196 [607,37,3,2,2,1,0,0]
Results 194 [552,42,4,2,2,0,0,0]
Results 195 [554,43,5,0,0,1,0,0]
Results 194 [556,41,3,2,0,0,1,0]
Results 193 [560,36,4,1,0,0,1,0]
Results 192 [577,41,7,1,0,0,1,0]
Results 194 [553,39,7,0,2,1,0,0]
Results 194 [553,44,4,0,0,0,1,0]
Results 196 [556,40,5,0,0,0,1,0]
Results 195 [627,42,4,0,0,2,0,0]
Results 196 [550,45,6,0,0,1,0,0]
Results 196 [594,51,4,1,0,1,0,0]
Results 197 [552,43,6,0,0,0,1,0]
Results 199 [551,45,3,1,2,0,0,0]
Results 199 [553,42,7,0,1,0,0,0]
Results 198 [555,40,6,1,1,0,0,0]
Results 197 [551,47,4,0,1,0,0,0]
Results 196 [576,43,5,1,0,0,1,0]
Results 195 [597,45,5,2,0,0,1,0]
Results 194 [593,51,4,2,2,0,0,0]
Results 194 [596,46,6,1,1,0,1,0]
Results 194 [552,46,3,2,0,0,0,0]
Results 194 [551,44,5,1,1,0,1,0]
Results 193 [545,48,6,0,0,1,1,0]
Results 192 [548,46,3,2,0,1,0,1]
Results 191 [547,45,4,0,1,0,2,0]
Results 195 [546,48,3,2,0,1,0,1]
Results 195 [547,46,4,0,1,0,2,0]
Results 194 [544,49,6,0,0,0,2,0]
Results 193 [537,56,5,1,0,0,0,1]
Results 195 [551,41,4,2,0,1,0,1]
Results 195 [545,42,8,1,2,0,2,0]
Results 197 [547,42,7,0,1,1,1,1]
Results 196 [575,42,4,2,0,1,0,1]
Results 196 [545,49,4,0,0,1,1,0]
Results 196 [550,42,4,2,0,1,0,1]
Results 195 [554,37,4,1,1,0,2,0]
Results 194 [553,41,2,2,0,1,0,1]
Results 195 [556,38,3,2,0,0,2,0]
Results 196 [553,39,4,2,3,0,0,1]
Results 194 [550,44,5,1,0,1,0,1]
Results 195 [553,39,4,2,0,1,0,1]
Results 196 [574,42,4,2,0,1,0,1]
Results 195 [551,42,3,2,2,0,0,1]
Results 194 [594,46,4,2,0,1,0,1]
Results 193 [551,41,4,2,2,0,0,1]
Results 194 [553,39,4,2,2,0,0,1]
Results 194 [557,38,3,0,1,0,2,0]
Results 197 [555,38,4,2,0,1,0,1]
Results 197 [549,44,5,0,2,0,1,1]
Results 197 [549,43,3,2,2,0,0,1]
Results 196 [550,42,5,0,2,0,1,1]
Results 196 [554,39,3,1,2,0,1,1]
Results 200 [550,42,5,0,2,0,1,1]
Results 199 [540,53,6,1,0,0,0,1]
Results 198 [551,42,5,0,2,0,1,1]
Results 199 [550,44,4,0,1,0,2,0]
Results 198 [603,39,4,2,2,0,0,1]
Results 197 [546,49,4,0,0,1,1,0]
Results 196 [596,47,6,0,0,1,1,0]
Results 197 [557,36,3,1,2,0,1,1]
Results 196 [576,43,1,3,0,1,0,1]
Results 196 [558,39,2,1,0,0,0,1]
Results 197 [556,38,3,1,0,1,0,1]
Results 195 [558,37,3,2,0,1,0,1]
Results 196 [556,38,3,1,2,0,0,1]
Results 194 [558,37,3,1,2,0,0,1]
Results 193 [574,42,5,2,0,1,0,1]
Results 192 [572,48,4,0,0,1,1,0]
Results 194 [554,40,3,1,1,1,0,1]
Results 193 [563,32,4,0,1,0,2,0]
Results 200 [577,43,1,2,0,1,0,1]
Results 199 [547,45,6,1,0,1,1,0]
Results 198 [547,44,8,1,0,0,0,1]
Results 197 [562,32,4,0,1,0,2,0]
Results 196 [562,33,4,0,1,0,2,0]
Results 198 [563,31,4,0,1,0,2,0]
Results 198 [557,39,1,2,0,1,0,1]
Results 197 [554,40,3,1,1,0,2,0]
Results 198 [546,48,6,1,0,0,0,1]
Results 197 [559,35,4,0,1,0,2,0]
Results 197 [555,39,3,0,1,0,2,0]
Results 196 [560,36,3,1,0,0,0,1]
Results 197 [559,37,2,2,0,1,0,1]
Results 196 [557,39,3,0,1,0,2,0]
Results 200 [557,37,3,1,0,1,0,1]
Results 199 [560,34,4,1,0,1,0,1]
Results 198 [562,35,3,1,0,0,0,1]
Results 196 [558,36,2,0,2,0,1,1]
Results 197 [558,37,2,0,2,0,1,1]
Results 195 [560,35,2,0,2,0,1,1]
Results 194 [560,38,2,1,0,1,0,1]
Results 193 [561,32,5,1,0,0,2,0]
Results 192 [562,32,5,1,0,0,2,0]
Results 191 [563,31,5,1,0,0,2,0]
Results 191 [556,42,3,0,0,1,0,1]
Results 190 [555,42,3,0,0,1,0,1]
Results 193 [554,41,2,0,2,0,2,0]
Results 193 [557,41,2,1,0,1,0,1]
Results 193 [552,46,2,0,0,1,1,0]
Results 191 [554,42,2,0,2,0,2,0]
Results 192 [606,41,2,2,0,0,0,1]
Results 193 [552,46,2,0,0,1,1,0]
Results 193 [556,39,4,1,1,0,0,1]
Results 192 [557,38,5,0,1,0,0,1]
Results 191 [552,45,3,0,0,1,1,0]
Results 195 [552,45,2,0,0,1,1,0]
Results 196 [578,43,3,0,0,1,0,1]
Results 198 [623,45,4,1,1,0,2,0]
Results 198 [559,37,4,1,1,0,0,1]
Results 198 [566,30,2,2,0,1,0,1]
Results 197 [586,37,3,0,0,1,0,1]
Results 196 [584,38,3,0,0,1,0,1]
Results 196 [566,31,2,2,0,1,0,1]
Results 196 [565,31,2,2,0,1,0,1]
Results 197 [557,41,2,0,0,1,1,0]
Results 197 [556,41,2,1,0,1,0,1]
Results 198 [559,37,4,0,1,0,2,0]
Results 197 [565,32,3,1,0,1,0,1]
Results 196 [551,46,3,0,0,1,1,0]
Results 197 [561,36,3,1,0,0,2,0]
Results 195 [566,28,4,0,1,0,2,0]
Results 194 [560,37,2,0,0,1,0,1]
Results 193 [557,39,5,0,0,1,1,0]
Results 193 [560,35,4,0,1,0,2,0]
Results 193 [562,37,2,0,1,0,2,0]
Results 192 [565,34,2,0,0,1,0,1]
Results 200 [561,35,2,1,1,0,2,0]
Results 199 [555,38,6,1,0,0,0,1]
Results 198 [580,42,4,0,0,1,1,0]
Results 197 [567,31,2,1,0,1,0,1]
Results 197 [562,34,2,1,1,0,2,0]
Results 196 [559,36,3,2,0,0,2,0]
Results 196 [557,42,2,0,0,1,1,0]
Results 195 [590,32,2,1,0,1,0,1]
Results 197 [563,33,2,1,1,0,2,0]
Results 197 [558,40,3,0,0,1,1,0]
Results 197 [587,36,3,0,0,1,0,1]
Results 197 [578,41,5,2,0,0,0,1]
Results 196 [561,34,6,0,1,0,0,1]
Results 196 [564,30,5,1,0,0,2,0]
Results 196 [581,41,3,0,0,1,1,0]
Results 195 [588,34,2,0,1,0,2,0]
Results 195 [615,32,2,1,0,1,0,1]
Results 194 [680,40,3,0,0,1,0,1]
Results 195 [560,34,6,1,0,0,0,1]
Results 200 [583,36,7,1,0,0,0,1]
Results 199 [591,30,3,1,0,1,0,1]
Results 197 [571,30,1,1,0,0,0,1]
Results 198 [569,33,0,1,0,0,0,1]
Results 196 [570,31,1,1,0,0,0,1]
Results 194 [566,34,2,0,0,1,0,1]
Results 193 [583,40,2,0,0,1,0,1]
Results 192 [585,38,2,0,0,1,0,1]
Results 195 [570,33,0,1,0,0,0,1]
Results 193 [656,41,2,2,0,0,0,1]
Results 194 [573,29,0,1,0,0,0,1]
Results 196 [582,40,4,0,0,1,1,0]
Results 197 [611,33,4,1,0,0,2,0]
Results 196 [566,35,0,0,1,0,1,1]
Results 196 [573,28,0,1,0,0,0,1]
Results 198 [570,31,1,0,0,1,0,1]
Results 198 [571,29,1,1,0,1,0,1]
Results 198 [595,29,1,1,1,0,0,1]
Results 197 [570,31,1,0,0,1,0,1]
Results 197 [566,32,4,1,0,0,0,1]
Results 198 [592,29,5,1,1,0,0,1]
Results 197 [567,35,0,1,0,0,0,1]
Results 197 [570,32,0,1,0,0,0,1]
Results 196 [578,22,2,0,0,0,2,0]
Results 196 [575,27,1,0,0,1,0,1]
Results 195 [574,27,1,0,0,0,2,0]
Results 195 [570,33,0,1,0,0,0,1]
Results 195 [575,27,1,0,0,1,0,1]
Results 194 [569,32,2,0,0,1,1,0]
Results 195 [581,20,2,0,0,0,2,0]
Results 195 [577,25,1,0,0,0,2,0]
Results 194 [594,33,0,1,0,0,0,1]
Results 195 [575,26,1,0,0,1,0,1]
Results 197 [576,26,1,0,0,1,0,1]
Results 198 [599,28,1,0,0,0,2,0]
Results 197 [577,25,1,0,0,0,2,0]
Results 198 [573,30,0,0,0,0,1,1]
Results 197 [592,31,5,1,0,0,0,1]
Results 197 [573,29,1,0,0,1,1,0]
Results 197 [571,31,1,0,0,1,1,0]
Results 196 [575,26,1,0,0,0,2,0]
Results 196 [573,29,1,0,0,1,1,0]
Results 195 [595,32,0,0,0,0,1,1]
Results 195 [603,23,2,0,0,0,2,0]
Results 195 [575,28,0,0,0,0,1,1]
Results 199 [568,35,2,0,0,1,1,0]
Results 199 [570,29,4,1,0,0,0,1]
Results 198 [593,29,5,1,0,0,0,1]
Results 197 [576,27,0,0,0,0,1,1]
Results 198 [579,23,1,0,0,1,0,1]
Results 197 [583,21,0,0,0,1,0,1]
Results 196 [587,14,2,0,0,0,2,0]
Results 195 [601,25,1,0,0,0,2,0]
Results 194 [684,40,0,0,1,0,1,1]
Results 195 [580,22,2,0,0,0,2,0]
Results 195 [579,25,0,0,0,0,1,1]
Results 194 [579,22,2,0,0,0,2,0]
Results 196 [572,31,1,0,0,1,1,0]
Results 196 [574,30,0,0,0,0,1,1]
Results 196 [580,24,0,1,0,0,0,1]
Results 199 [582,19,2,0,0,0,2,0]
Results 199 [601,26,2,0,0,1,1,0]
Results 198 [584,18,1,0,0,0,2,0]
Results 198 [577,25,1,1,0,0,0,1]
Results 197 [601,26,1,1,0,0,0,1]
Results 198 [587,21,0,0,0,0,0,0]
Results 196 [583,25,0,0,0,0,0,0]
Results 194 [583,25,1,0,0,0,0,0]
Results 197 [585,23,0,0,0,0,0,0]
Results 195 [583,25,0,0,0,0,0,0]
Results 195 [594,13,2,0,0,0,0,0]
Results 195 [587,21,0,0,0,0,0,0]
Results 196 [585,19,5,0,0,0,0,0]
Results 197 [618,32,2,0,0,1,1,0]
Results 196 [608,21,0,0,0,1,0,1]
Results 195 [594,13,2,0,0,0,0,0]
Results 194 [585,18,5,0,0,0,0,0]
Results 193 [594,13,2,0,0,0,0,0]
Results 193 [586,18,5,0,0,0,0,0]
Results 193 [584,22,2,0,0,0,0,0]
Results 193 [587,21,0,0,0,0,0,0]
Results 192 [604,28,0,0,0,0,0,0]
Results 196 [581,27,0,0,0,0,0,0]
Results 195 [580,23,3,0,0,1,0,0]
Results 195 [584,19,4,1,0,0,0,0]
Results 195 [585,18,4,0,0,0,0,0]
Results 194 [659,40,2,0,0,0,1,1]
Results 194 [591,13,2,0,0,0,1,0]
Results 193 [586,21,1,0,0,0,0,0]
Results 192 [664,37,1,0,0,0,1,1]
Results 193 [580,27,1,0,0,0,0,0]
Results 194 [578,24,3,1,0,1,0,0]
Results 194 [580,27,2,0,0,0,0,0]
Results 196 [582,20,5,1,0,0,0,0]
Results 195 [579,22,4,2,0,1,0,0]
Results 195 [584,21,3,0,0,0,0,0]
Results 194 [584,21,3,0,0,0,0,0]
Results 194 [582,22,3,0,0,0,0,0]
Results 194 [577,23,6,0,0,0,0,0]
Results 197 [580,21,5,1,0,0,0,0]
Results 197 [591,11,3,1,0,0,1,0]
Results 197 [583,20,4,0,0,0,0,0]
Results 196 [592,11,3,1,0,0,1,0]
Results 196 [586,18,2,0,0,0,1,0]
Results 198 [706,42,2,0,0,0,1,1]
Results 199 [589,16,1,0,0,0,1,0]
Results 199 [592,14,1,1,0,0,1,0]
Results 198 [586,20,1,0,0,0,0,0]
Results 197 [639,15,2,0,0,0,1,0]
Results 197 [586,17,3,1,0,1,0,0]
Results 196 [582,23,2,0,0,0,0,0]
Results 196 [583,21,3,0,0,0,0,0]
Results 196 [584,21,2,0,0,0,0,0]
Results 196 [585,16,5,1,0,0,0,0]
Results 195 [584,22,2,0,0,0,0,0]
Results 197 [585,17,5,1,0,0,0,0]
Results 197 [594,11,1,1,0,0,1,0]
Results 196 [591,15,1,0,0,0,1,0]
Results 197 [586,21,1,0,0,0,0,0]
Results 195 [586,21,1,0,0,0,0,0]
Results 194 [586,17,5,1,0,0,0,0]
Results 194 [592,15,1,0,0,0,1,0]
Results 193 [591,16,1,0,0,0,1,0]
Results 193 [591,16,0,0,0,0,1,0]
Results 200 [591,14,1,1,0,0,1,0]
Results 199 [584,24,1,0,0,0,0,0]
Results 198 [588,15,4,1,0,0,0,0]
Results 197 [588,19,1,0,0,0,1,0]
Results 196 [590,16,0,1,0,0,1,0]
Results 198 [585,22,2,0,0,0,0,0]
Results 199 [577,30,2,0,0,0,0,0]
Results 198 [577,31,1,0,0,0,0,0]
Results 198 [578,29,2,0,0,0,0,0]
Results 198 [595,12,0,1,0,0,1,0]
Results 197 [591,16,0,1,0,0,1,0]
Results 197 [589,17,3,0,0,0,0,0]
Results 197 [613,17,0,1,0,0,1,0]
Results 199 [584,18,6,1,0,0,0,0]
Results 198 [598,32,2,0,0,0,0,0]
Results 197 [582,23,3,0,0,0,0,0]
Results 196 [590,15,2,1,0,1,0,0]
Results 195 [585,22,1,1,0,0,0,0]
Results 195 [573,33,2,0,0,0,0,0]
Results 194 [584,23,1,1,0,0,0,0]
Results 193 [591,15,0,1,0,0,1,0]
Results 192 [592,14,0,1,0,0,1,0]
Results 191 [588,19,0,0,0,0,1,0]
Results 190 [580,24,3,0,0,0,0,0]
Results 192 [586,21,0,0,0,0,1,0]
Results 193 [587,15,3,2,0,1,0,0]
Results 192 [577,28,3,0,0,0,0,0]
Results 192 [587,20,1,0,0,0,0,0]
Results 193 [587,20,1,0,0,0,0,0]
Results 195 [586,21,1,0,0,0,0,0]
Results 194 [585,18,3,1,0,1,0,0]
Results 193 [586,18,2,1,0,1,0,0]
Results 192 [578,26,4,0,0,0,0,0]
Results 193 [610,19,3,1,0,0,0,0]
Results 196 [587,17,3,1,0,0,0,0]
Results 197 [609,16,5,1,1,0,0,0]
Results 196 [587,16,2,2,0,1,0,0]
Results 197 [589,16,2,1,0,1,0,0]
Results 199 [589,16,2,0,0,0,1,0]
Results 197 [591,14,1,1,0,0,1,0]
Results 198 [585,22,1,0,0,0,0,0]
Results 196 [586,16,5,1,1,0,0,0]
Results 196 [587,14,5,2,1,0,0,0]
Results 195 [594,13,0,1,0,0,1,0]
Results 197 [574,33,2,0,0,0,0,0]
Results 200 [588,14,5,1,1,0,0,0]
Results 199 [586,18,3,1,0,0,0,0]
Results 198 [580,25,2,1,0,0,0,0]
Results 197 [592,16,0,0,0,0,1,0]
Results 196 [593,15,0,0,0,0,1,0]
Results 195 [586,18,3,1,0,0,0,0]
Results 195 [617,13,1,1,0,0,1,0]
Results 198 [609,19,3,1,0,0,0,0]
Results 198 [591,16,0,0,0,0,1,0]
Results 197 [615,16,1,0,0,0,1,0]
Results 196 [585,17,3,2,0,1,0,0]
Results 197 [581,23,4,0,0,0,0,0]
Results 196 [586,18,2,1,0,1,0,0]
Results 196 [611,15,4,2,1,0,0,0]
Results 196 [586,17,2,1,0,1,0,0]
Results 195 [587,15,3,2,1,0,0,0]
Results 195 [586,17,2,1,0,1,0,0]
Results 194 [635,15,5,1,1,0,0,0]
Results 195 [588,18,0,1,0,0,1,0]
Results 197 [586,19,2,1,0,0,0,0]
Results 196 [584,20,2,0,0,0,1,0]
Results 196 [607,19,3,2,1,0,0,0]
Results 197 [585,17,5,1,0,0,0,0]
Results 197 [581,23,3,1,0,0,0,0]
Results 196 [589,15,2,0,0,0,1,0]
Results 196 [585,17,5,1,0,0,0,0]
Results 195 [582,24,1,0,0,0,1,0]
Results 195 [581,25,1,0,0,0,1,0]
Results 198 [614,16,1,1,0,0,1,0]
Results 198 [605,25,1,0,0,0,1,0]
Results 198 [588,18,0,0,0,0,1,0]
Results 197 [588,15,3,2,0,0,0,0]
Results 198 [590,16,0,0,0,0,1,0]
Results 197 [584,20,3,1,0,0,0,0]
Results 196 [593,12,1,1,0,0,1,0]
Results 195 [583,19,2,2,0,1,0,0]
Results 194 [586,19,2,1,0,0,0,0]
Results 194 [576,30,3,0,0,0,0,0]
Results 195 [576,29,3,0,0,0,0,0]
Results 198 [583,20,5,1,0,0,0,0]
Results 197 [575,31,3,0,0,0,0,0]
Results 197 [584,20,3,1,0,0,0,0]
Results 197 [577,26,5,0,0,0,0,0]
Results 196 [596,33,3,0,0,0,0,0]
Results 197 [589,17,1,0,0,0,1,0]
Results 197 [608,19,3,2,0,1,0,0]
Results 198 [591,17,0,0,0,0,1,0]
Results 197 [578,27,4,0,0,0,0,0]
Results 196 [586,20,2,0,0,0,0,0]
Results 197 [586,20,2,0,0,0,0,0]
Results 197 [585,15,6,2,0,0,0,0]
Results 197 [588,17,2,0,0,0,1,0]
Results 197 [588,13,6,2,0,0,0,0]
Results 197 [586,20,2,0,0,0,0,0]
Results 197 [593,14,1,0,0,0,1,0]
Results 197 [583,18,6,1,0,0,0,0]
Results 196 [586,15,3,2,0,1,0,0]
Results 195 [586,15,3,2,0,1,0,0]
Results 194 [585,15,3,3,0,1,0,0]
Results 195 [581,20,4,2,0,0,0,0]
Results 194 [586,19,2,1,0,0,1,0]
Results 197 [608,21,3,0,0,0,1,0]
Results 197 [581,21,4,2,0,0,0,0]
Results 196 [580,24,3,0,0,0,0,0]
Results 197 [569,34,4,0,0,0,0,0]
Results 197 [582,18,6,2,0,0,0,0]
Results 198 [589,15,2,1,0,0,1,0]
Results 198 [584,17,4,3,0,1,0,0]
Results 197 [588,15,3,1,0,0,1,0]
Results 196 [588,16,2,0,0,0,1,0]
Results 195 [578,26,3,0,0,0,0,0]
Results 196 [609,19,4,2,0,0,0,0]
Results 194 [579,24,3,2,0,0,0,0]
Results 193 [588,15,3,1,0,0,1,0]
Results 192 [588,14,3,1,0,1,0,0]
Results 199 [585,20,3,0,0,0,0,0]
Results 199 [589,16,1,0,0,0,1,0]
Results 198 [586,18,2,1,0,0,1,0]
Results 197 [585,18,3,2,0,0,0,0]
Results 198 [578,26,4,0,0,0,0,0]
Results 197 [587,19,1,0,0,0,1,0]
Results 196 [584,20,2,1,0,0,1,0]
Results 195 [581,20,4,2,0,0,0,0]
Results 195 [575,29,4,0,0,0,0,0]
Results 196 [595,11,1,1,0,0,1,0]
Results 195 [582,23,4,0,0,0,0,0]
Results 196 [596,9,2,0,0,0,1,0]
Results 196 [611,18,2,0,0,0,1,0]
Results 195 [585,19,3,2,0,0,0,0]
Results 195 [584,19,3,2,0,0,0,0]
Results 200 [586,19,3,0,0,0,0,0]
Results 199 [585,15,4,3,0,1,0,0]
Results 199 [586,18,3,2,0,0,0,0]
Results 198 [593,10,3,1,0,0,1,0]
Results 197 [609,20,3,2,0,0,0,0]
Results 196 [590,16,3,0,0,0,0,0]
Results 196 [587,18,2,1,0,0,1,0]
Results 195 [588,17,2,1,0,0,1,0]
Results 195 [592,10,4,1,0,1,0,0]
Results 194 [607,19,5,2,0,0,0,0]
Results 194 [592,16,1,0,0,0,0,0]
Results 193 [590,18,1,0,0,0,0,0]
Results 193 [590,16,3,0,0,0,0,0]
Results 193 [589,19,1,0,0,0,0,0]
Results 192 [589,19,1,0,0,0,0,0]
Results 193 [586,20,2,0,0,0,0,0]
Results 191 [615,10,4,1,0,0,1,0]
Results 192 [590,17,3,0,0,0,0,0]
Results 190 [589,19,1,0,0,0,0,0]
Results 192 [584,24,1,0,0,0,0,0]
Results 192 [582,20,7,0,0,0,0,0]
Results 193 [591,17,1,0,0,0,0,0]
Results 196 [598,8,1,0,1,0,0,0]
Results 197 [588,18,2,0,0,0,1,0]
Results 195 [586,19,2,0,0,0,1,0]
Results 195 [594,13,1,0,1,0,0,0]
Results 194 [588,17,2,0,0,0,1,0]
Results 194 [595,12,1,0,1,0,0,0]
Results 194 [584,20,3,0,0,0,1,0]
Results 194 [593,13,1,0,1,0,0,0]
Results 197 [590,15,3,0,1,0,0,0]
Results 197 [583,21,3,0,0,0,1,0]
Results 197 [589,16,3,0,1,0,0,0]
Results 196 [619,12,1,0,1,0,0,0]
Results 195 [589,15,2,3,0,0,0,0]
Results 195 [589,16,3,0,1,0,0,0]
Results 196 [586,18,2,3,0,0,0,0]
Results 196 [585,21,1,0,1,0,0,0]
Results 195 [589,14,2,3,0,0,0,0]
Results 195 [587,19,2,0,1,0,0,0]
Results 196 [582,22,4,0,0,0,0,0]
Results 198 [593,11,2,3,0,0,0,0]
Results 197 [634,17,4,2,0,0,0,0]
Results 198 [589,16,3,0,0,1,0,0]
Results 199 [582,25,1,0,1,0,0,0]
Results 198 [592,13,3,0,1,0,0,0]
Results 197 [587,20,1,0,1,0,0,0]
Results 197 [592,13,2,0,0,0,1,0]
Results 196 [584,22,1,0,1,0,0,0]
Results 197 [592,11,3,3,0,0,0,0]
Results 197 [583,19,4,2,0,0,0,0]
Results 195 [589,14,4,0,0,0,1,0]
Results 196 [665,13,3,3,0,0,0,0]
Results 195 [584,18,4,2,0,0,0,0]
Results 194 [659,19,4,2,0,0,0,0]
Results 196 [584,18,3,3,0,0,0,0]
Results 195 [579,25,5,0,0,0,0,0]
Results 193 [583,21,3,0,0,1,0,0]
Results 195 [585,18,4,2,0,0,0,0]
Results 194 [590,15,3,0,0,0,1,0]
Results 194 [581,25,1,0,1,0,0,0]
Results 194 [586,17,5,0,0,0,1,0]
Results 193 [585,21,1,0,1,0,0,0]
Results 200 [583,21,3,0,0,1,0,0]
Results 199 [582,20,4,1,0,0,0,0]
Results 198 [584,17,4,2,0,0,0,0]
Results 197 [636,15,3,3,0,0,0,0]
Results 196 [582,21,4,1,0,0,0,0]
Results 197 [591,13,3,0,1,0,0,0]
Results 198 [581,22,4,1,0,0,0,0]
Results 199 [586,16,4,2,0,0,0,0]
Results 198 [587,18,2,0,0,0,1,0]
Results 198 [589,17,2,0,0,0,1,0]
Results 199 [585,20,3,1,0,0,0,0]
Results 198 [585,19,3,1,0,0,0,0]
Results 198 [588,17,2,0,0,0,1,0]
Results 199 [582,22,3,0,0,1,0,0]
Results 198 [588,16,3,0,1,0,0,0]
Results 197 [583,21,3,0,0,1,0,0]
Results 197 [586,18,3,0,1,0,0,0]
Results 196 [610,19,2,0,0,0,1,0]
Results 195 [589,16,2,1,0,0,0,0]
Results 193 [589,13,4,2,0,0,0,0]
Results 194 [587,18,2,0,0,1,0,0]
Results 192 [585,20,2,0,0,0,1,0]
Results 197 [589,16,3,1,0,0,0,0]
Results 198 [585,20,2,0,0,1,0,0]
Results 197 [588,17,2,0,0,0,1,0]
Results 197 [586,16,4,2,0,0,0,0]
Results 196 [587,15,4,2,0,0,0,0]
Results 195 [611,18,3,0,1,0,0,0]
Results 194 [607,23,2,0,0,0,1,0]
Results 192 [614,16,2,1,0,0,0,0]
Results 193 [586,18,4,1,0,0,0,0]
Results 194 [582,23,2,0,0,1,0,0]
Results 193 [585,18,4,1,0,0,0,0]
Results 193 [578,27,2,0,0,1,0,0]
Results 193 [615,16,1,0,1,0,0,0]
Results 196 [609,21,3,2,0,0,0,0]
Results 195 [577,27,2,0,0,1,0,0]
Results 197 [589,15,2,0,1,0,0,0]
Results 197 [580,25,2,0,0,1,0,0]
Results 196 [586,21,1,0,1,0,0,0]
Results 196 [591,14,2,0,1,0,0,0]
Results 196 [632,22,3,2,0,0,0,0]
Results 196 [585,18,5,1,0,0,0,0]
Results 197 [589,16,3,0,1,0,0,0]
Results 199 [577,27,3,0,0,0,1,0]
Results 199 [586,16,5,1,0,0,0,0]
Results 198 [585,17,5,1,0,0,0,0]
Results 197 [585,17,5,1,0,0,0,0]
Results 195 [614,15,3,0,1,0,0,0]
Results 196 [588,15,4,2,0,0,0,0]
Results 194 [658,18,4,2,0,0,0,0]
Results 193 [583,22,2,0,0,1,0,0]
Results 194 [585,17,3,2,0,0,0,0]
Results 199 [592,14,1,0,0,0,1,0]
Results 198 [582,22,2,1,0,1,0,0]
Results 197 [591,14,2,0,0,0,1,0]
Results 197 [587,18,2,0,0,0,1,0]
Results 197 [580,25,3,0,0,1,0,0]
Results 197 [591,15,1,0,0,0,1,0]
Results 196 [581,23,3,0,0,1,0,0]
Results 196 [583,20,5,1,0,0,0,0]
Results 195 [611,18,2,0,0,0,1,0]
Results 195 [586,20,1,0,1,0,0,0]
Results 195 [586,18,4,1,0,0,0,0]
Results 198 [579,25,3,0,0,0,1,0]
Results 197 [579,25,2,1,0,0,0,0]
Results 198 [582,23,1,0,0,1,0,0]
Results 197 [578,27,2,0,0,0,1,0]
Results 196 [580,25,1,0,0,1,0,0]
Results 195 [610,18,3,0,1,0,0,0]
Results 194 [581,24,1,0,0,1,0,0]
Results 194 [581,23,2,0,0,1,0,0]
Results 194 [579,23,2,3,0,0,0,0]
Results 193 [600,28,2,0,0,0,1,0]
Results 198 [582,22,2,0,0,1,0,0]
Results 197 [583,21,3,0,0,0,1,0]
Results 198 [584,19,3,0,0,0,1,0]
Results 197 [582,19,4,2,0,0,0,0]
Results 197 [579,23,2,3,0,0,0,0]
Results 197 [578,24,2,3,0,0,0,0]
Results 196 [581,24,2,0,0,1,0,0]
Results 196 [589,16,2,0,1,0,0,0]
Results 195 [582,23,2,0,1,0,0,0]
Results 196 [587,18,2,0,0,0,1,0]
Results 198 [581,23,2,0,0,0,1,0]
Results 198 [582,23,2,0,0,0,1,0]
Results 198 [584,19,3,0,0,0,1,0]
Results 198 [606,19,8,1,0,0,0,0]
Results 197 [577,27,2,1,0,0,1,0]
Results 196 [586,20,1,0,1,0,0,0]
Results 197 [609,19,3,0,0,0,1,0]
Results 196 [582,22,3,1,0,0,0,0]
Results 198 [583,23,1,0,1,0,0,0]
Results 196 [578,25,2,1,0,1,0,0]
Results 195 [581,22,1,3,0,0,0,0]
Results 197 [606,22,3,0,0,0,1,0]
Results 196 [585,20,1,0,1,0,0,0]
Results 196 [583,22,2,1,0,0,0,0]
Results 198 [582,22,2,1,0,0,0,0]
Results 197 [608,20,3,0,0,0,1,0]
Results 196 [609,20,2,0,0,0,1,0]
Results 195 [582,23,3,0,0,0,0,0]
Results 193 [584,20,2,0,1,0,0,0]
Results 194 [582,24,2,1,0,0,0,0]
Results 196 [582,21,5,0,0,0,0,0]
Results 199 [580,24,2,2,0,0,0,0]
Results 198 [581,24,2,0,0,0,1,0]
Results 197 [581,23,4,0,0,0,0,0]
Results 196 [605,24,2,1,0,0,0,0]
Results 196 [581,24,2,0,0,0,1,0]
Results 196 [581,23,4,0,0,0,0,0]
Results 197 [581,22,5,0,0,0,0,0]
Results 198 [581,24,1,2,0,0,0,0]
Results 197 [583,24,1,0,0,0,0,0]
Results 197 [581,24,2,1,0,0,0,0]
Results 196 [586,20,1,0,1,0,0,0]
Results 195 [579,26,2,1,0,0,0,0]
Results 194 [580,25,2,0,0,0,0,0]
Results 193 [582,22,3,0,0,1,0,0]
Results 199 [630,21,6,0,0,0,0,0]
Results 199 [578,27,2,1,0,0,0,0]
Results 198 [584,21,1,0,1,0,0,0]
Results 200 [581,22,3,0,0,1,0,0]
Results 199 [580,23,3,0,0,1,0,0]
Results 198 [580,26,1,1,0,0,0,0]
Results 198 [586,19,1,0,0,0,1,0]
Results 197 [580,21,6,0,0,0,0,0]
Results 197 [582,23,2,0,0,0,0,0]
Results 196 [584,21,1,0,0,0,1,0]
Results 196 [609,20,1,0,1,0,0,0]
Results 195 [603,25,2,0,0,0,1,0]
Results 194 [635,19,2,0,0,0,1,0]
Results 193 [581,23,3,0,0,0,0,0]
Results 193 [577,26,3,0,0,1,0,0]
Results 194 [580,22,5,0,0,1,0,0]
Results 194 [603,21,7,0,0,0,0,0]
Results 199 [577,24,4,0,0,1,0,0]
Results 200 [582,22,2,0,0,0,1,0]
Results 199 [584,19,3,0,0,1,0,0]
Results 198 [577,29,0,0,1,0,0,0]
Results 197 [584,21,2,0,0,0,1,0]
Results 196 [576,28,2,1,0,0,0,0]
Results 195 [583,24,1,0,0,0,0,0]
Results 196 [581,24,0,0,1,0,0,0]
Results 193 [581,22,2,0,0,1,0,0]
Results 195 [581,25,1,0,0,0,1,0]
Results 194 [580,26,1,0,0,0,1,0]
Results 193 [580,26,1,0,0,0,1,0]
Results 192 [584,19,3,0,0,0,1,0]
Results 194 [583,23,1,0,0,0,1,0]
Results 193 [579,27,0,1,0,0,0,0]
Results 192 [582,21,3,0,0,0,1,0]
Results 191 [583,22,1,0,1,0,0,0]
Results 190 [582,22,3,0,0,0,0,0]
Results 191 [583,23,2,0,0,0,0,0]
Results 192 [584,22,1,0,0,0,0,0]
Results 194 [584,23,1,0,0,0,0,0]
Results 197 [580,26,2,0,0,0,0,0]
Results 196 [580,23,4,0,0,0,0,0]
Results 195 [627,25,2,0,1,0,0,0]
Results 194 [579,27,2,0,0,0,0,0]
Results 195 [580,27,1,0,0,0,0,0]
Results 194 [582,23,2,0,0,0,0,0]
Results 193 [583,24,1,0,0,0,0,0]
Results 193 [582,21,4,0,0,0,0,0]
Results 198 [583,22,2,0,0,0,0,0]
Results 197 [582,24,2,0,0,0,0,0]
Results 197 [580,23,2,0,0,0,1,0]
Results 197 [583,22,1,0,0,1,0,0]
Results 196 [578,27,2,0,0,0,0,0]
Results 195 [580,22,4,0,1,0,0,0]
Results 196 [578,26,2,1,0,0,0,0]
Results 196 [582,23,0,0,0,1,0,0]
Results 197 [583,22,2,0,0,1,0,0]
Results 197 [582,22,2,0,0,1,0,0]
Results 196 [579,23,3,0,0,1,0,0]
Results 197 [584,19,3,0,0,0,1,0]
Results 197 [573,31,2,1,0,0,0,0]
Results 198 [582,23,1,0,0,1,0,0]
Results 199 [576,24,5,0,1,0,0,0]
Results 199 [584,19,3,0,0,0,1,0]
Results 199 [654,25,1,0,0,1,0,0]
Results 198 [586,18,2,0,0,0,1,0]
Results 198 [584,21,1,0,0,1,0,0]
Results 197 [587,16,3,0,0,0,1,0]
Results 196 [580,24,2,0,0,1,0,0]
Results 195 [585,16,4,0,0,1,0,0]
Results 196 [587,16,3,0,0,0,1,0]
Results 194 [579,25,1,1,1,0,0,0]
Results 195 [579,26,1,1,0,1,0,0]
Results 193 [601,26,4,0,0,0,0,0]
Results 194 [585,19,2,0,0,1,0,0]
Results 194 [579,26,1,0,0,1,0,0]
Results 193 [602,26,3,0,0,0,0,0]
Results 192 [578,24,4,1,0,0,0,0]
Results 191 [585,17,3,0,0,0,1,0]
Results 191 [608,19,3,0,0,0,1,0]
Results 198 [577,23,6,0,1,0,0,0]
Results 197 [583,21,1,1,0,0,0,0]
Results 197 [580,23,2,0,0,0,1,0]
Results 196 [579,26,1,0,0,1,0,0]
Results 198 [581,21,4,0,0,0,1,0]
Results 199 [653,26,1,0,0,1,0,0]
Results 198 [582,23,1,0,0,1,0,0]
Results 197 [580,23,3,0,0,0,0,0]
Results 197 [577,26,3,0,0,0,0,0]
Results 197 [605,22,3,0,0,0,1,0]
Results 197 [583,20,4,0,0,0,0,0]
Results 198 [574,30,2,0,0,0,0,0]
Results 198 [674,29,1,0,0,1,0,0]
Results 198 [578,27,1,0,0,1,0,0]
Results 198 [572,32,1,1,0,0,0,0]
Results 197 [584,16,5,0,0,0,1,0]
Results 197 [582,24,0,0,0,1,0,0]
Results 196 [580,26,0,0,0,1,0,0]
Results 196 [579,26,2,0,0,0,0,0]
Results 195 [580,25,1,0,0,1,0,0]
Results 194 [598,31,2,0,0,0,0,0]
Results 194 [581,25,1,1,0,0,0,0]
Results 193 [579,25,1,0,0,1,0,0]
Results 196 [579,23,4,0,0,0,0,0]
Results 196 [580,21,5,0,0,0,0,0]
Results 196 [582,19,4,0,0,0,1,0]
Results 197 [582,20,5,0,0,0,0,0]
Results 196 [585,20,1,0,0,0,1,0]
Results 195 [582,22,1,0,0,0,1,0]
Results 194 [578,25,4,0,1,0,0,0]
Results 193 [583,21,1,0,0,0,1,0]
Results 192 [581,22,3,0,0,1,0,0]
Results 193 [582,19,4,0,0,1,0,0]
Results 192 [603,28,0,0,0,1,0,0]
Results 192 [577,26,3,0,1,0,0,0]
Results 192 [585,16,4,0,0,0,1,0]
Results 195 [578,25,3,0,0,0,0,0]
Results 199 [575,25,4,0,2,0,0,0]
Results 198 [575,25,4,0,2,0,0,0]
Results 197 [580,23,3,1,1,0,0,0]
Results 197 [576,26,4,0,0,0,0,0]
Results 196 [600,26,4,0,0,0,0,0]
Results 195 [576,26,1,1,2,0,0,0]
Results 194 [578,26,3,0,0,0,0,0]
Results 197 [609,15,5,0,0,0,2,0]
Results 199 [576,26,4,0,0,0,0,0]
Results 198 [577,24,2,1,2,0,0,0]
Results 198 [577,27,0,0,1,1,0,0]
Results 197 [578,24,1,0,1,1,0,0]
Results 196 [577,24,2,1,2,0,0,0]
Results 195 [579,24,1,0,1,1,0,0]
Results 194 [574,29,4,0,0,0,0,0]
Results 194 [577,26,1,0,1,1,0,0]
Results 198 [581,23,1,1,1,0,0,0]
Results 198 [580,23,1,1,1,0,0,0]
Results 198 [603,25,1,1,1,0,0,0]
Results 197 [577,25,1,1,2,0,0,0]
Results 198 [623,31,0,0,1,1,0,0]
Results 197 [580,24,1,1,1,0,0,0]
Results 197 [572,31,1,1,1,0,0,0]
Results 197 [579,25,1,1,1,0,0,0]
Results 196 [579,25,1,1,1,0,0,0]
Results 200 [588,14,3,0,0,0,2,0]
Results 199 [603,24,1,1,1,0,0,0]
Results 198 [602,25,1,1,1,0,0,0]
Results 197 [573,31,2,0,0,0,0,0]
Results 196 [586,16,3,0,0,0,2,0]
Results 195 [584,17,4,0,0,0,2,0]
Results 194 [575,30,2,0,0,0,0,0]
Results 193 [574,29,3,0,0,0,0,0]
Results 192 [583,22,1,0,1,1,0,0]
Results 193 [598,29,1,1,1,0,0,0]
Results 193 [582,21,3,0,1,0,0,0]
Results 197 [581,21,2,0,1,1,0,0]
Results 197 [583,16,6,0,0,0,1,0]
Results 196 [606,23,1,1,1,0,0,0]
Results 197 [580,22,2,0,2,0,0,0]
Results 197 [578,23,3,0,2,0,0,0]
Results 196 [608,17,5,0,0,0,1,0]
Results 197 [624,29,1,1,1,0,0,0]
Results 196 [580,22,2,0,2,0,0,0]
Results 195 [580,22,2,0,2,0,0,0]
Results 194 [586,15,5,0,0,0,1,0]
Results 193 [583,21,3,0,0,0,0,0]
Results 194 [584,20,0,0,1,1,0,0]
Results 196 [609,21,0,0,1,1,0,0]
Results 198 [577,26,1,1,1,0,0,0]
Results 198 [587,16,2,0,0,0,2,0]
Results 199 [587,16,2,0,0,0,2,0]
Results 198 [585,20,1,0,0,0,2,0]
Results 197 [603,24,2,0,2,0,0,0]
Results 197 [585,19,1,0,0,0,2,0]
Results 196 [587,16,2,0,0,0,2,0]
Results 197 [584,21,1,0,1,1,0,0]
Results 197 [581,24,1,1,1,0,0,0]
Results 196 [581,22,3,0,0,2,0,0]
Results 195 [582,21,3,0,0,2,0,0]
Results 196 [609,20,1,0,0,0,2,0]
Results 197 [585,18,3,0,0,0,2,0]
Results 198 [584,19,3,0,0,0,2,0]
Results 197 [585,20,0,0,1,1,0,0]
Results 195 [583,22,1,0,1,1,0,0]
Results 197 [585,20,1,0,1,1,0,0]
Results 196 [586,19,1,0,1,1,0,0]
Results 197 [606,23,3,0,0,0,0,0]
Results 199 [582,23,1,1,1,0,0,0]
Results 198 [583,20,4,0,0,1,1,0]
Results 197 [580,23,2,1,1,0,0,0]
Results 196 [583,19,4,0,0,1,1,0]
Results 195 [607,22,1,0,1,1,0,0]
Results 194 [582,20,4,0,0,1,1,0]
Results 194 [586,18,3,0,1,0,0,0]
Results 195 [584,19,3,0,1,0,0,0]
Results 195 [612,19,0,0,1,1,0,0]
Results 197 [588,17,1,0,1,1,0,0]
Results 197 [579,23,5,0,0,0,0,0]
Results 196 [588,18,1,0,1,1,0,0]
Results 193 [585,20,1,0,0,0,2,0]
Results 195 [585,20,3,0,0,0,0,0]
Results 194 [586,19,1,0,0,0,2,0]
Results 192 [586,19,1,0,1,1,0,0]
Results 195 [584,19,2,0,0,0,2,0]
Results 199 [587,18,2,0,1,0,0,0]
Results 200 [583,23,1,1,1,0,0,0]
Results 199 [588,17,1,0,1,1,0,0]
Results 198 [592,11,2,0,0,0,2,0]
Results 197 [610,19,3,0,1,0,0,0]
Results 196 [578,26,2,1,1,0,0,0]
Results 195 [583,23,0,0,2,0,0,0]
Results 194 [582,23,0,0,2,0,0,0]
Results 195 [583,23,0,0,2,0,0,0]
Results 194 [581,24,1,1,1,0,0,0]
Results 194 [612,18,0,0,1,1,0,0]
Results 194 [583,22,1,0,2,0,0,0]
Results 193 [587,18,2,0,1,0,0,0]
Results 194 [578,26,3,0,1,0,0,0]
Results 194 [583,23,0,1,1,0,0,0]
Results 198 [610,18,2,0,1,1,0,0]
Results 199 [589,16,1,0,0,1,1,0]
Results 200 [585,20,0,0,2,0,0,0]
Results 199 [584,22,0,1,1,0,0,0]
Results 197 [588,16,2,0,0,0,2,0]
Results 198 [578,27,3,0,0,0,0,0]
Results 196 [587,17,2,0,1,1,0,0]
Results 196 [579,26,3,0,0,0,0,0]
Results 195 [592,13,3,0,0,0,1,0]
Results 194 [589,16,3,0,0,0,1,0]
Results 193 [590,15,3,0,0,0,1,0]
Results 192 [591,14,3,0,0,0,1,0]
Results 193 [586,18,3,0,0,1,1,0]
Results 194 [587,18,2,0,0,1,1,0]
Results 193 [587,18,1,1,1,0,0,0]
Results 191 [586,18,3,0,0,1,1,0]
Results 192 [586,18,3,0,0,1,1,0]
Results 190 [603,26,4,0,0,0,0,0]
Results 191 [592,13,1,0,0,0,2,0]
Results 190 [584,20,3,0,0,1,1,0]
Results 193 [584,19,3,0,0,1,1,0]
Results 196 [595,10,1,0,1,1,0,0]
Results 196 [588,17,1,0,1,1,0,0]
Results 197 [587,18,2,0,0,2,0,0]
Results 195 [591,14,1,0,0,0,2,0]
Results 194 [591,15,1,0,0,2,0,0]
Results 193 [592,13,2,0,0,2,0,0]
Results 193 [606,22,3,0,0,1,1,0]
Results 192 [589,16,4,0,0,0,0,0]
Results 193 [597,11,1,0,0,0,1,0]
Results 197 [584,23,1,0,0,0,1,0]
Results 198 [595,13,1,0,0,0,1,0]
Results 197 [588,19,1,0,0,0,1,0]
Results 197 [594,12,2,0,0,1,0,0]
Results 196 [591,17,2,0,0,0,0,0]
Results 195 [590,16,1,0,0,0,2,0]
Results 196 [586,19,1,0,0,1,1,0]
Results 196 [591,14,0,1,1,0,1,0]
Results 198 [589,16,1,0,0,0,2,0]
Results 197 [590,15,1,0,0,1,1,0]
Results 198 [591,15,1,0,0,1,1,0]
Results 199 [589,16,1,0,1,0,1,0]
Results 198 [613,17,0,1,1,0,1,0]
Results 198 [590,15,1,0,1,0,1,0]
Results 198 [613,15,2,0,1,0,1,0]
Results 198 [590,13,3,0,0,1,1,0]
Results 198 [588,16,2,0,1,0,1,0]
Results 198 [590,15,0,1,1,0,1,0]
Results 198 [584,20,2,0,1,0,1,0]
Results 197 [590,13,3,0,0,1,1,0]
Results 196 [589,15,2,0,1,0,1,0]
Results 196 [589,15,2,0,1,0,1,0]
Results 195 [587,19,1,0,1,0,1,0]
Results 195 [586,19,1,0,1,0,1,0]
Results 196 [582,21,4,0,0,1,0,0]
Results 195 [588,14,4,0,0,1,1,0]
Results 194 [587,16,4,0,0,1,1,0]
Results 193 [584,21,2,0,0,1,1,0]
Results 192 [587,17,4,0,0,1,1,0]
Results 191 [584,22,2,0,0,1,1,0]
Results 191 [587,17,2,0,1,0,1,0]
Results 192 [610,19,2,0,1,1,0,0]
Results 195 [587,17,2,0,1,0,1,0]
Results 195 [588,17,2,0,1,0,1,0]
Results 200 [589,14,3,0,0,1,1,0]
Results 199 [589,16,1,1,1,0,1,0]
Results 198 [586,18,2,0,1,0,1,0]
Results 197 [592,13,2,0,1,0,1,0]
Results 197 [588,16,2,0,1,0,1,0]
Results 197 [588,17,1,1,1,0,1,0]
Results 197 [590,15,2,0,1,0,1,0]
Results 197 [589,17,0,1,1,0,1,0]
Results 198 [585,19,1,1,1,0,1,0]
Results 197 [634,19,2,0,0,1,1,0]
Results 197 [583,23,2,0,0,0,1,0]
Results 197 [587,16,3,0,1,0,1,0]
Results 197 [584,22,2,0,0,1,0,0]
Results 198 [582,22,3,0,0,1,0,0]
Results 197 [582,23,3,0,0,1,0,0]
Results 196 [582,23,3,0,0,1,0,0]
Results 195 [582,23,3,0,0,1,0,0]
Results 196 [584,22,2,0,0,0,1,0]
Results 195 [655,24,3,0,0,0,1,0]
Results 195 [588,16,3,0,0,0,1,0]
Results 194 [587,17,2,0,0,1,1,0]
Results 194 [588,17,1,0,1,0,1,0]
Results 196 [586,17,3,0,0,0,2,0]
Results 195 [615,14,2,0,1,0,1,0]
Results 194 [582,23,2,0,0,1,0,0]
Results 193 [580,25,2,0,0,1,0,0]
Results 192 [583,21,2,0,1,1,0,0]
Results 191 [580,25,2,0,0,1,0,0]
Results 190 [583,21,2,0,1,1,0,0]
Results 192 [589,18,1,0,0,0,1,0]
Results 192 [582,23,3,0,0,1,0,0]
Results 191 [581,24,3,0,0,1,0,0]
Results 192 [583,24,1,0,0,1,0,0]
Results 196 [584,22,1,0,1,1,0,0]
Results 199 [591,11,5,0,0,0,1,0]
Results 198 [591,12,4,0,0,0,1,0]
Results 198 [580,25,3,0,0,1,0,0]
Results 197 [585,18,3,0,0,0,1,0]
Results 199 [607,21,3,0,0,1,0,0]
Results 199 [659,19,2,1,1,0,1,0]
Results 198 [588,16,2,0,0,0,1,0]
Results 196 [583,21,2,0,0,1,0,0]
Results 197 [590,13,4,0,0,0,1,0]
Results 195 [612,16,3,0,0,0,1,0]
Results 194 [587,19,1,0,0,1,0,0]
Results 193 [587,19,1,0,0,1,0,0]
Results 192 [586,21,1,0,0,1,0,0]
Results 193 [585,21,1,0,0,1,0,0]
Results 192 [607,23,1,0,0,1,0,0]
Results 191 [583,22,1,0,0,1,0,0]
Results 197 [590,13,4,0,0,0,1,0]
Results 196 [590,13,4,0,0,0,1,0]
Results 198 [589,15,3,0,0,0,1,0]
Results 197 [591,15,2,0,0,0,1,0]
Results 196 [631,23,3,0,0,1,0,0]
Results 197 [585,18,2,1,0,0,1,0]
Results 196 [587,16,4,0,0,0,1,0]
Results 196 [588,16,3,0,0,0,1,0]
Results 200 [591,13,2,0,0,0,1,0]
Results 199 [592,13,2,0,0,0,1,0]
Results 198 [586,16,4,0,0,0,1,0]
Results 197 [605,25,2,0,0,1,0,0]
Results 196 [584,20,2,0,0,1,0,0]
Results 195 [585,20,2,0,0,1,0,0]
Results 193 [615,16,2,0,0,0,1,0]
Results 194 [585,18,4,0,0,0,1,0]
Results 193 [584,21,1,1,0,0,1,0]
Results 193 [588,17,2,0,0,0,1,0]
Results 193 [590,16,1,0,0,0,1,0]
Results 195 [586,19,2,0,0,0,1,0]
Results 197 [592,14,1,0,0,0,1,0]
Results 196 [583,23,1,0,0,1,0,0]
Results 197 [610,17,4,0,0,0,1,0]
Results 196 [607,21,4,0,0,0,1,0]
Results 196 [586,19,2,0,0,0,1,0]
Results 195 [582,22,2,0,0,0,1,0]
Results 196 [582,25,1,0,0,1,0,0]
Results 194 [582,22,1,1,0,0,1,0]
Results 193 [586,19,2,0,0,0,1,0]
Results 193 [589,16,1,0,0,0,1,0]
Results 194 [587,19,1,1,0,0,1,0]
Results 196 [579,26,2,0,0,1,0,0]
Results 197 [579,26,2,0,0,1,0,0]
Results 198 [582,23,2,0,0,1,0,0]
Results 198 [582,23,2,0,0,1,0,0]
Results 198 [579,25,2,0,0,1,0,0]
Results 197 [588,16,3,0,0,0,1,0]
Results 197 [584,19,3,0,0,0,1,0]
Results 199 [586,17,3,0,0,0,1,0]
Results 198 [591,13,2,0,0,0,1,0]
Results 197 [632,21,2,1,0,0,1,0]
Results 197 [614,16,1,0,0,0,1,0]
Results 198 [608,20,3,0,0,0,1,0]
Results 198 [583,20,2,1,0,0,1,0]
Results 197 [584,19,3,0,0,0,1,0]
Results 196 [585,19,3,0,0,0,1,0]
Results 196 [612,18,1,0,0,0,1,0]
Results 195 [614,15,2,0,0,0,1,0]
Results 195 [608,20,3,0,0,0,1,0]
Results 195 [588,17,1,0,0,0,1,0]
Results 196 [584,18,4,0,0,0,1,0]
Results 197 [613,18,1,0,0,0,1,0]
Results 197 [581,24,2,0,0,1,0,0]
Results 196 [582,21,2,1,0,0,1,0]
Results 195 [585,19,3,0,0,0,1,0]
Results 194 [591,14,2,0,0,0,1,0]
Results 195 [592,13,2,0,0,0,1,0]
Results 196 [592,15,1,0,0,0,1,0]
Results 198 [577,27,2,0,0,1,0,0]
Results 197 [588,15,3,0,0,0,1,0]
Results 196 [582,23,2,0,0,0,1,0]
Results 195 [580,24,3,0,0,0,1,0]
Results 194 [608,21,3,0,0,0,1,0]
Results 193 [592,13,1,0,0,0,1,0]
Results 192 [582,24,1,0,0,1,0,0]
Results 194 [615,17,1,0,0,0,1,0]
Results 198 [584,21,2,0,0,1,0,0]
Results 198 [584,19,2,1,0,0,1,0]
Results 197 [612,17,3,0,0,0,1,0]
Results 196 [661,17,2,0,0,0,1,0]
Results 199 [587,16,4,0,0,0,1,0]
Results 199 [585,20,2,0,0,0,1,0]
Results 198 [581,23,2,1,0,0,1,0]
Results 197 [584,20,2,0,0,1,0,0]
Results 196 [584,20,3,0,0,1,0,0]
Results 195 [583,21,3,0,0,1,0,0]
Results 194 [583,22,2,0,0,1,0,0]
Results 195 [583,23,1,0,0,0,1,0]
Results 194 [581,26,1,0,0,0,1,0]
Results 195 [589,14,4,0,0,0,1,0]
Results 194 [610,18,3,0,0,0,1,0]
Results 193 [610,18,4,0,0,0,1,0]
Results 192 [589,17,1,0,0,0,1,0]
Results 198 [610,18,4,0,0,0,1,0]
Results 198 [584,22,1,0,0,0,1,0]
Results 200 [581,24,2,0,0,0,1,0]
Results 199 [734,18,2,0,0,0,1,0]
Results 198 [586,21,0,0,0,0,1,0]
Results 197 [584,19,4,0,0,0,1,0]
Results 197 [585,17,4,0,0,0,1,0]
Results 196 [587,16,3,0,0,0,1,0]
Results 195 [577,25,4,0,0,0,1,0]
Results 197 [581,20,6,0,0,1,0,0]
Results 194 [589,16,3,0,0,0,1,0]
Results 195 [580,23,3,0,0,0,1,0]
Results 196 [581,23,3,0,0,0,1,0]
Results 193 [570,32,4,0,0,0,1,0]
Results 194 [576,26,4,0,0,1,0,0]
Results 193 [600,27,3,0,0,0,1,0]
Results 191 [573,32,1,0,0,0,1,0]
Results 192 [621,31,3,0,0,1,0,0]
Results 191 [578,24,4,0,0,1,0,0]
Results 194 [574,30,2,0,0,0,1,0]
Results 197 [578,24,4,0,0,1,0,0]
Results 196 [604,20,7,0,0,0,1,0]
Results 195 [602,25,4,0,0,0,1,0]
Results 195 [573,30,3,0,0,0,1,0]
Results 194 [572,30,3,0,0,0,1,0]
Results 194 [569,32,4,0,0,1,0,0]
Results 194 [621,31,3,0,0,0,1,0]
Results 195 [581,20,5,0,0,0,0,0]
Results 197 [581,21,5,0,0,0,0,0]
Results 196 [577,27,3,0,0,0,0,0]
Results 196 [621,26,7,0,0,1,0,0]
Results 195 [578,23,5,0,0,0,0,0]
Results 194 [574,29,3,0,0,0,0,0]
Results 193 [593,35,2,0,0,0,1,0]
Results 192 [592,36,2,0,0,0,1,0]
Results 191 [584,19,4,0,0,0,0,0]
Results 193 [582,21,4,0,0,0,0,0]
Results 195 [585,17,4,0,0,0,0,0]
Results 198 [567,35,3,0,0,0,1,0]
Results 197 [566,40,2,0,0,0,0,0]
Results 197 [570,32,3,0,0,0,1,0]
Results 199 [578,24,3,0,0,0,1,0]
Results 199 [583,19,3,0,0,0,1,0]
Results 198 [637,35,4,0,0,0,2,0]
Results 197 [569,33,3,0,0,0,1,0]
Results 198 [565,38,4,0,0,0,0,0]
Results 198 [570,32,3,0,0,0,1,0]
Results 197 [571,30,3,0,0,1,0,0]
Results 197 [568,34,3,0,0,0,1,0]
Results 197 [575,26,4,0,0,0,1,0]
Results 196 [568,33,3,0,0,1,0,0]
Results 195 [573,24,7,1,0,0,0,0]
Results 196 [571,29,5,0,0,1,0,0]
Results 195 [572,29,4,0,0,1,0,0]
Results 194 [568,33,4,0,0,1,0,0]
Results 193 [569,32,3,0,0,1,0,0]
Results 194 [572,23,8,1,0,0,0,0]
Results 193 [616,32,5,0,0,1,0,0]
Results 192 [567,31,5,0,0,1,0,0]
Results 191 [563,36,6,0,0,0,0,0]
Results 191 [565,37,2,1,0,0,0,0]
Results 190 [575,21,8,1,0,0,0,0]
Results 194 [565,36,3,1,0,0,0,0]
Results 195 [573,24,7,1,0,0,0,0]
Results 196 [585,40,4,0,0,0,0,0]
Results 200 [561,40,4,0,0,0,0,0]
Results 199 [567,34,3,0,0,1,0,0]
Results 198 [559,40,3,2,0,0,0,0]
Results 198 [563,37,4,1,0,0,0,0]
Results 198 [570,27,6,0,0,1,0,0]
Results 197 [570,29,4,0,0,1,0,0]
Results 196 [729,40,4,0,0,0,2,0]
Results 197 [556,43,4,1,0,0,0,0]
Results 197 [580,45,4,1,0,0,0,0]
Results 196 [561,38,5,0,0,0,1,0]
Results 195 [557,41,4,2,0,0,0,0]
Results 195 [563,35,5,0,0,0,1,0]
Results 198 [563,36,5,0,0,0,1,0]
Results 198 [561,36,6,0,0,0,1,0]
Results 198 [571,27,6,0,0,0,1,0]
Results 197 [561,37,5,0,0,0,1,0]
Results 196 [566,33,5,0,0,0,0,0]
Results 198 [570,29,5,0,0,1,0,0]
Results 197 [568,31,4,0,0,1,0,0]
Results 195 [559,40,4,1,0,0,0,0]
Results 194 [594,26,9,0,0,1,0,0]
Results 194 [561,39,3,1,0,0,0,0]
Results 193 [557,43,3,1,0,0,0,0]
Results 193 [566,28,9,0,0,1,0,0]
Results 192 [563,37,3,1,0,0,0,0]
Results 191 [565,34,5,0,0,0,0,0]
Results 190 [566,27,9,0,0,1,0,0]
Results 189 [570,29,5,0,0,0,1,0]
Results 189 [566,33,4,0,0,1,0,0]
Results 189 [592,29,7,0,0,0,1,0]
Results 190 [559,41,3,1,0,0,0,0]
Results 189 [567,32,5,0,0,0,0,0]
Results 189 [583,40,5,0,0,0,1,0]
Results 196 [556,45,2,1,0,0,0,0]
Results 199 [560,41,3,0,0,0,0,0]
Results 199 [570,29,5,0,0,0,1,0]
Results 198 [583,38,7,1,0,0,0,0]
Results 197 [566,33,5,1,0,0,0,0]
Results 199 [562,38,3,1,0,0,0,0]
Results 198 [557,43,2,2,0,0,0,0]
Results 198 [561,35,7,1,0,0,0,0]
Results 196 [558,42,3,2,0,0,0,0]
Results 197 [559,42,3,2,0,0,0,0]
Results 195 [563,32,8,1,0,0,0,0]
Results 194 [567,30,6,0,0,1,0,0]
Results 192 [574,25,5,0,0,0,1,0]
Results 193 [559,41,3,0,0,1,0,0]
Results 193 [573,25,5,0,0,0,1,0]
Results 192 [566,33,5,0,0,1,0,0]
Results 191 [556,45,2,2,0,0,0,0]
Results 198 [569,29,5,0,0,0,1,0]
Results 197 [603,46,4,1,0,0,0,0]
Results 198 [558,41,5,1,0,0,0,0]
Results 197 [558,40,6,1,0,0,0,0]
Results 196 [562,38,3,1,0,0,0,0]
Results 196 [556,43,3,2,0,0,0,0]
Results 196 [567,34,3,0,0,1,0,0]
Results 196 [565,34,5,0,0,0,0,0]
Results 197 [590,35,3,0,0,1,0,0]
Results 198 [565,34,5,0,0,0,0,0]
Results 198 [566,30,8,1,0,0,0,0]
Results 198 [566,35,4,0,0,0,0,0]
Results 196 [558,41,4,2,0,0,0,0]
Results 197 [567,33,5,0,0,0,0,0]
Results 195 [562,37,6,0,0,0,0,0]
Results 193 [564,37,3,0,0,0,1,0]
Results 194 [556,43,5,2,0,0,0,0]
Results 193 [556,42,4,2,0,0,0,0]
Results 192 [565,34,4,0,0,0,1,0]
Results 199 [567,34,3,0,0,1,0,0]
Results 199 [567,31,7,0,0,0,0,0]
Results 197 [560,39,3,2,0,0,0,0]
Results 198 [564,38,2,1,0,0,0,0]
Results 197 [567,34,3,0,0,1,0,0]
Results 196 [595,28,5,0,0,0,1,0]
Results 195 [565,34,5,0,0,0,1,0]
Results 195 [559,41,3,1,0,0,0,0]
Results 195 [590,35,5,0,0,0,0,0]
Results 195 [565,36,3,1,0,0,0,0]
Results 194 [564,35,4,0,0,0,1,0]
Results 196 [565,34,4,0,0,0,1,0]
Results 198 [590,35,4,0,0,1,0,0]
Results 197 [591,32,5,0,0,0,1,0]
Results 196 [560,40,3,1,0,0,0,0]
Results 195 [587,36,5,1,0,0,0,0]
Results 196 [563,38,5,0,0,0,0,0]
Results 196 [557,44,3,1,0,0,0,0]
Results 195 [563,34,6,0,0,0,1,0]
Results 197 [554,41,7,1,0,0,0,0]
Results 199 [559,39,4,2,0,0,0,0]
Results 198 [563,37,4,0,0,0,1,0]
Results 198 [559,37,8,1,0,0,0,0]
Results 197 [558,42,3,2,0,0,0,0]
Results 198 [557,40,7,1,0,0,0,0]
Results 198 [557,39,7,1,0,0,0,0]
Results 197 [557,44,3,1,0,0,0,0]
Results 196 [559,41,4,0,0,0,0,0]
Results 196 [566,33,5,0,0,1,0,0]
Results 196 [559,41,4,0,0,0,0,0]
Results 196 [565,34,4,0,0,1,0,0]
Results 196 [564,34,5,0,0,1,0,0]
Results 197 [557,40,5,2,0,0,0,0]
Results 197 [570,28,5,0,0,0,1,0]
Results 196 [571,25,6,0,0,0,1,0]
Results 195 [565,35,4,0,0,1,0,0]
Results 195 [580,41,7,1,0,0,0,0]
Results 196 [557,43,3,1,0,0,0,0]
Results 196 [563,35,6,0,0,0,0,0]
Results 197 [575,23,5,0,0,0,1,0]
Results 197 [566,29,8,0,0,1,0,0]
Results 196 [570,28,5,0,0,0,1,0]
Results 193 [564,31,8,0,0,1,0,0]
Results 195 [574,24,5,0,0,0,1,0]
Results 194 [567,28,8,0,0,1,0,0]
Results 192 [559,41,3,1,0,0,0,0]
Results 193 [585,38,4,2,0,0,0,0]
Results 196 [558,41,4,1,0,0,0,0]
Results 196 [570,27,5,0,0,0,1,0]
Results 197 [564,35,4,0,0,0,1,0]
Results 197 [554,41,8,1,0,0,0,0]
Results 198 [571,27,5,0,0,0,1,0]
Results 199 [554,45,4,1,0,0,0,0]
Results 199 [569,29,5,0,0,0,1,0]
Results 198 [562,37,4,0,0,0,1,0]
Results 197 [559,35,8,0,0,1,0,0]
Results 196 [559,38,4,2,0,0,0,0]
Results 195 [563,32,7,1,0,1,0,0]
Results 195 [557,43,3,1,0,0,0,0]
Results 194 [559,39,4,2,0,0,0,0]
Results 195 [554,42,5,2,0,0,0,0]
Results 194 [559,40,4,2,0,0,0,0]
Results 194 [562,31,10,0,0,1,0,0]
Results 192 [579,43,5,0,0,0,1,0]
Results 193 [560,36,8,0,0,0,0,0]
Results 196 [554,41,7,1,0,0,0,0]
Results 195 [554,42,6,1,0,0,0,0]
Results 200 [552,43,6,2,0,0,0,0]
Results 199 [553,45,5,2,0,0,0,0]
Results 198 [555,42,5,2,0,0,0,0]
Results 198 [556,45,4,0,0,0,0,0]
Results 197 [570,28,4,0,1,0,1,0]
Results 196 [567,32,3,0,1,0,1,0]
Results 195 [563,33,4,2,0,1,0,0]
Results 196 [558,40,5,0,0,0,0,0]
Results 195 [568,30,3,0,1,0,1,0]
Results 194 [553,41,7,2,0,0,0,0]
Results 194 [561,31,10,0,0,1,0,0]
Results 193 [555,42,6,0,0,0,0,0]
Results 192 [567,29,4,1,1,0,1,0]
Results 193 [563,30,10,0,0,1,0,0]
Results 195 [567,28,8,0,0,1,0,0]
Results 197 [571,27,3,1,1,0,1,0]
Results 197 [560,40,2,2,0,0,0,0]
Results 196 [559,37,6,1,0,0,0,0]
Results 195 [562,36,4,1,1,1,0,0]
Results 193 [557,43,4,1,0,0,0,0]
Results 194 [551,45,6,2,0,0,0,0]
Results 194 [582,40,4,1,1,1,0,0]
Results 193 [559,38,6,1,0,0,0,0]
Results 192 [595,27,3,1,1,0,1,0]
Results 195 [563,32,7,2,0,1,0,0]
Results 194 [562,37,5,0,0,0,0,0]
Results 195 [564,30,7,2,0,1,0,0]
Results 194 [566,28,7,2,0,1,0,0]
Results 194 [572,25,4,1,1,0,1,0]
Results 194 [559,39,3,3,0,0,0,0]
Results 194 [566,28,7,2,0,1,0,0]
Results 193 [562,36,5,2,0,0,0,0]
Results 199 [563,36,5,0,0,0,0,0]
Results 199 [564,36,4,0,0,0,0,0]
Results 198 [561,40,3,1,0,0,0,0]
Results 197 [583,39,3,3,0,0,0,0]
Results 196 [584,40,2,3,0,0,0,0]
Results 200 [559,38,6,0,0,0,1,0]
Results 199 [559,36,7,0,0,1,0,0]
Results 198 [572,26,3,1,1,1,0,0]
Results 197 [583,38,5,1,1,0,0,0]
Results 197 [564,32,7,0,0,1,0,0]
Results 196 [571,28,2,1,1,1,0,0]
Results 197 [564,33,5,1,0,1,0,0]
Results 198 [561,33,10,0,0,1,0,0]
Results 199 [564,34,3,1,1,1,0,0]
Results 198 [558,39,4,1,0,1,0,0]
Results 196 [559,39,4,0,0,0,1,0]
Results 197 [556,41,4,1,0,1,0,0]
Results 195 [558,37,6,1,1,0,0,0]
Results 194 [559,37,6,0,0,1,0,0]
Results 193 [555,38,8,0,0,0,1,0]
Results 194 [562,38,2,0,1,1,0,0]
Results 193 [558,41,4,0,0,1,0,0]
Results 192 [559,37,7,0,0,1,0,0]
Results 191 [562,35,4,1,0,1,0,0]
Results 189 [558,37,6,1,1,0,0,0]
Results 190 [583,40,2,2,0,1,0,0]
Results 193 [561,35,5,1,0,1,0,0]
Results 196 [583,36,5,2,0,1,0,0]
Results 200 [569,27,7,0,0,1,0,0]
Results 199 [570,29,2,0,1,1,0,0]
Results 198 [581,39,6,1,1,0,0,0]
Results 197 [582,40,4,0,1,0,1,0]
Results 196 [558,37,7,1,0,1,0,0]
Results 196 [555,37,7,2,0,1,0,0]
Results 197 [562,34,5,1,1,1,0,0]
Results 196 [552,43,7,0,0,1,0,0]
Results 197 [556,41,3,2,0,0,1,0]
Results 196 [567,27,8,0,0,1,0,0]
Results 196 [559,38,4,1,0,1,0,0]
Results 195 [555,41,6,0,0,1,0,0]
Results 200 [560,34,8,0,0,1,0,0]
Results 199 [565,31,4,1,1,1,0,0]
Results 198 [558,37,3,2,2,0,1,0]
Results 197 [562,36,4,0,1,1,0,0]
Results 196 [573,44,7,0,1,0,1,0]
Results 197 [561,31,8,1,0,1,0,0]
Results 196 [562,32,3,2,2,0,1,0]
Results 195 [561,31,6,2,1,1,0,0]
Results 194 [557,37,7,1,0,1,0,0]
Results 193 [558,34,6,2,1,1,0,0]
Results 191 [555,38,8,1,1,0,0,0]
Results 192 [562,33,3,2,1,1,0,0]
Results 192 [556,37,5,2,0,1,0,0]
Results 191 [554,38,8,1,1,0,0,0]
Results 190 [556,36,8,1,1,0,0,0]
Results 192 [555,38,6,1,2,1,0,0]
Results 191 [557,38,3,2,2,0,1,0]
Results 192 [555,37,7,0,1,1,0,0]
Results 192 [553,39,7,2,0,1,0,0]
Results 191 [557,38,4,3,0,1,0,0]
Results 195 [561,33,3,2,1,1,0,0]
Results 197 [572,45,6,1,1,0,0,0]
Results 196 [571,45,7,1,1,0,0,0]
Results 197 [545,46,10,0,0,1,0,0]
Results 198 [547,45,9,1,0,1,0,0]
Results 196 [551,40,9,1,1,0,0,0]
Results 197 [623,43,7,1,0,1,0,0]
Results 196 [543,47,8,1,0,1,0,0]
Results 199 [545,46,6,3,1,1,0,0]
Results 199 [551,42,6,1,0,1,0,0]
Results 198 [556,33,10,0,0,1,0,0]
Results 197 [552,40,6,2,0,1,0,0]
Results 196 [545,47,6,1,2,0,1,0]
Results 195 [545,48,4,2,2,0,1,0]
Results 194 [546,49,4,0,1,1,0,0]
Results 193 [552,41,5,2,0,1,0,0]
Results 192 [550,43,4,2,1,1,0,0]
Results 193 [552,41,5,2,0,1,0,0]
Results 193 [545,47,7,0,0,0,1,0]
Results 192 [556,35,8,1,1,0,0,0]
Results 199 [547,44,7,1,1,1,0,0]
Results 199 [546,46,5,2,1,1,0,0]
Results 198 [541,51,5,2,1,1,0,0]
Results 197 [555,39,5,2,0,1,0,0]
Results 197 [554,38,4,2,2,0,1,0]
Results 196 [549,41,7,2,0,1,0,0]
Results 197 [549,41,5,2,2,1,0,0]
Results 196 [569,47,6,2,1,1,0,0]
Results 198 [554,37,5,3,1,1,0,0]
Results 198 [548,43,6,3,0,1,0,0]
Results 198 [550,41,7,2,0,1,0,0]
Results 197 [550,41,5,2,2,1,0,0]
Results 196 [548,41,7,1,1,1,1,0]
Results 195 [553,39,4,2,2,0,1,0]
Results 194 [545,47,5,2,1,1,0,0]
Results 193 [555,38,4,2,2,0,1,0]
Results 192 [552,41,5,2,0,1,0,0]
Results 195 [603,41,5,2,0,1,0,0]
Results 196 [550,41,7,2,0,1,0,0]
Results 198 [551,40,8,1,0,1,0,0]
Results 199 [545,46,8,1,0,1,0,0]
Results 198 [571,45,6,2,1,1,0,0]
Results 197 [551,39,8,1,1,1,0,0]
Results 198 [550,44,5,1,1,1,0,0]
Results 196 [541,51,8,0,0,1,0,0]
Results 195 [557,35,8,1,0,1,0,0]
Results 197 [559,32,8,1,1,0,0,0]
Results 197 [566,49,8,1,0,1,0,0]
Results 197 [556,36,8,1,1,0,0,0]
Results 196 [544,49,6,0,1,1,0,0]
Results 195 [544,51,4,0,1,1,0,0]
Results 194 [552,41,6,2,0,1,0,0]
Results 194 [577,39,8,1,0,1,0,0]
Results 195 [548,47,4,0,1,1,0,0]
Results 194 [569,51,6,0,0,1,0,0]
Results 194 [552,40,7,0,1,1,1,0]
Results 197 [553,37,7,2,1,1,0,0]
Results 199 [568,49,4,1,1,1,0,0]
Results 198 [553,39,7,1,1,1,1,0]
Results 197 [547,42,6,2,2,1,0,0]
Results 197 [545,45,7,2,0,1,0,0]
Results 196 [544,46,7,2,0,1,0,0]
Results 198 [550,42,5,3,0,1,0,0]
Results 197 [549,42,6,3,0,1,0,0]
Results 197 [550,41,6,2,1,0,1,0]
Results 197 [552,40,6,2,1,0,1,0]
Results 196 [554,39,5,2,1,0,1,0]
Results 196 [555,37,5,2,1,0,1,0]
Results 196 [554,37,6,2,1,1,0,0]
Results 196 [554,37,9,0,0,1,0,0]
Results 195 [638,54,6,1,0,1,0,0]
Results 195 [548,44,5,2,1,0,1,0]
Results 196 [553,38,9,0,0,1,0,0]
Results 195 [551,40,6,2,1,1,0,0]
Results 195 [552,40,5,2,2,0,0,0]
Results 194 [599,40,6,2,2,1,0,0]
Results 194 [545,46,7,2,0,1,0,0]
Results 195 [551,39,8,0,1,1,1,0]
Results 196 [546,45,7,0,1,2,0,0]
Results 196 [547,44,7,0,1,2,0,0]
Results 195 [545,43,9,2,0,1,0,0]
Results 194 [545,44,9,2,0,1,0,0]
Results 193 [551,41,7,0,1,1,1,0]
Results 193 [552,40,6,2,0,1,0,0]
Results 193 [550,41,5,2,2,1,0,0]
Results 196 [544,46,8,2,0,1,0,0]
Results 196 [546,43,8,3,0,1,0,0]
Results 195 [544,46,8,0,1,0,1,0]
Results 197 [570,45,6,1,2,1,0,0]
Results 196 [545,46,8,0,1,0,1,0]
Results 197 [541,50,7,1,1,0,1,0]
Results 199 [546,45,5,2,1,1,0,0]
Results 199 [551,41,5,2,1,1,0,0]
Results 198 [551,43,5,1,1,1,0,0]
Results 197 [550,43,4,2,1,1,0,0]
Results 196 [551,42,6,0,1,1,1,0]
Results 195 [554,40,5,0,1,1,1,0]
Results 195 [548,48,4,1,0,1,0,0]
Results 194 [550,44,6,1,0,1,0,0]
Results 194 [553,40,3,3,1,1,0,0]
Results 195 [551,42,4,2,1,1,0,0]
Results 194 [548,44,7,0,1,0,1,0]
Results 194 [547,48,3,1,1,1,0,0]
Results 193 [551,45,3,2,0,1,0,0]
Results 196 [547,48,3,1,1,1,0,0]
Results 200 [549,43,6,2,0,1,0,0]
Results 199 [566,50,7,1,1,0,1,0]
Results 198 [553,39,7,2,0,1,0,0]
Results 198 [555,40,4,1,2,1,0,0]
Results 197 [552,42,6,0,1,0,1,0]
Results 196 [550,47,3,1,0,1,0,0]
Results 195 [556,38,7,1,0,1,0,0]
Results 194 [559,37,4,0,1,1,1,0]
Results 196 [551,47,3,1,0,1,0,0]
Results 195 [552,45,3,1,0,1,0,0]
Results 195 [558,35,6,0,1,1,1,0]
Results 194 [552,45,3,1,0,1,0,0]
Results 196 [555,38,6,2,0,1,0,0]
Results 199 [553,42,4,1,0,1,0,0]
Results 198 [554,39,8,0,1,0,0,0]
Results 197 [558,38,4,0,2,0,1,0]
Results 196 [556,42,2,1,0,1,0,0]
Results 195 [576,41,6,1,1,1,0,0]
Results 194 [555,40,6,0,1,1,0,0]
Results 194 [558,37,6,0,1,1,0,0]
Results 194 [556,40,4,2,0,1,0,0]
Results 193 [578,39,7,0,1,2,0,0]
Results 193 [549,43,8,1,0,0,1,0]
Results 194 [561,30,9,1,0,1,0,0]
Results 193 [578,45,2,1,0,1,0,0]
Results 194 [554,41,6,0,1,0,0,0]
Results 193 [557,38,4,2,1,1,0,0]
Results 192 [560,34,4,3,1,1,0,0]
Results 192 [567,49,8,1,0,1,0,0]
Results 192 [555,37,7,1,1,1,0,0]
Results 191 [553,41,4,2,1,1,0,0]
Results 195 [574,42,5,2,1,1,0,0]
Results 198 [555,36,8,1,1,1,0,0]
Results 198 [542,51,7,2,0,0,0,0]
Results 198 [576,38,7,3,0,1,0,0]
Results 197 [550,41,8,2,0,0,0,0]
Results 196 [555,37,6,3,0,1,0,0]
Results 200 [542,50,6,2,0,0,1,0]
Results 199 [538,39,5,4,0,0,2,0]
Results 198 [539,50,7,2,0,0,0,1]
Results 197 [568,43,9,1,1,1,2,0]
Results 196 [554,34,7,3,0,0,2,0]
Results 195 [551,39,3,3,1,1,2,0]
Results 199 [546,45,4,3,0,0,0,1]
Results 199 [546,44,6,1,1,1,1,0]
Results 199 [550,40,5,2,1,1,0,1]
Results 198 [575,39,4,2,1,1,2,0]
Results 197 [550,37,7,4,0,0,2,0]
Results 197 [544,46,7,2,0,0,0,1]
Results 196 [555,33,8,2,1,0,0,1]
Results 195 [554,36,6,2,1,0,0,1]
Results 195 [552,37,5,4,0,0,2,0]
Results 194 [543,45,7,2,0,0,2,0]
Results 194 [575,39,6,0,1,2,1,0]
Results 195 [542,47,6,3,0,0,0,1]
Results 198 [564,52,5,2,0,0,0,1]
Results 197 [580,33,7,0,1,2,1,0]
Results 198 [551,42,4,3,0,0,0,1]
Results 197 [552,39,6,3,0,0,0,1]
Results 196 [559,32,7,0,0,2,1,0]
Results 197 [558,33,6,1,1,1,1,0]
Results 196 [548,44,5,2,0,0,0,1]
Results 196 [587,53,7,2,0,0,0,1]
Results 195 [599,36,9,3,0,0,2,0]
Results 195 [550,41,6,3,0,0,0,1]
Results 195 [555,39,3,3,0,1,0,1]
Results 194 [552,36,7,2,1,1,1,0]
Results 196 [550,42,5,1,1,0,0,1]
Results 196 [553,36,6,3,0,1,2,0]
Results 196 [552,38,5,4,0,0,2,0]
Results 196 [549,44,4,3,0,0,0,1]
Results 199 [546,52,1,2,0,0,0,1]
Results 200 [547,50,2,2,0,0,0,1]
Results 198 [555,33,9,2,0,0,2,0]
Results 197 [549,47,2,3,0,0,0,1]
Results 196 [560,32,6,1,1,0,2,0]
Results 196 [562,29,6,2,0,1,2,0]
Results 195 [638,53,4,2,0,0,0,1]
Results 195 [561,34,5,1,0,0,0,1]
Results 194 [638,52,6,2,0,0,0,1]
Results 193 [556,37,5,1,0,0,2,0]
Results 192 [559,31,8,1,1,1,1,0]
Results 191 [553,43,4,1,0,0,0,1]
Results 190 [557,35,7,1,0,1,1,0]
Results 191 [559,34,6,1,0,1,1,0]
Results 190 [555,39,4,1,1,1,1,0]
Results 189 [561,30,8,1,0,0,2,0]
Results 188 [562,34,4,0,1,0,0,1]
Results 190 [554,42,4,1,0,0,0,1]
Results 191 [553,40,5,1,1,1,1,0]
Results 190 [562,31,5,2,0,1,2,0]
Results 192 [562,34,4,1,0,0,2,0]
Results 191 [556,40,4,1,0,0,0,1]
Results 197 [556,39,4,2,0,0,0,1]
Results 196 [554,42,3,0,2,0,0,1]
Results 198 [553,42,4,2,0,0,0,1]
Results 199 [568,27,5,1,0,1,1,0]
Results 198 [565,30,5,1,0,1,1,0]
Results 197 [564,31,4,2,0,0,0,1]
Results 196 [557,39,4,0,0,1,1,0]
Results 199 [566,28,5,1,0,1,1,0]
Results 198 [559,37,3,0,1,1,1,0]
Results 198 [561,35,3,2,0,0,0,1]
Results 197 [558,38,3,0,1,1,1,0]
Results 196 [559,37,3,0,2,0,0,1]
Results 195 [557,40,3,0,2,0,0,1]
Results 194 [568,27,4,1,1,0,0,1]
Results 194 [551,47,1,3,0,0,0,1]
Results 194 [603,43,3,2,0,0,0,1]
Results 194 [561,31,5,3,0,0,2,0]
Results 193 [562,32,4,3,0,0,2,0]
Results 192 [563,31,6,0,1,0,2,0]
Results 197 [558,36,4,2,0,0,2,0]
Results 199 [588,31,5,1,0,0,0,1]
Results 198 [558,39,2,2,0,0,0,1]
Results 197 [554,40,4,2,0,0,2,0]
Results 197 [561,35,2,4,0,0,0,1]
Results 199 [548,44,6,3,0,0,0,1]
Results 198 [559,35,2,4,0,0,0,1]
Results 199 [559,36,1,4,0,0,0,1]
Results 199 [575,42,5,3,0,0,0,1]
Results 198 [560,34,6,1,0,0,0,1]
Results 197 [561,36,2,4,0,0,0,1]
Results 196 [560,37,5,0,1,0,2,0]
Results 195 [561,35,1,4,0,0,0,1]
Results 194 [547,49,3,0,2,0,0,1]
Results 193 [545,49,4,2,0,0,0,1]
Results 192 [552,42,5,1,0,0,0,1]
Results 192 [586,32,5,1,0,1,1,0]
Results 191 [548,48,3,0,2,0,0,1]
Results 195 [548,47,3,3,0,0,0,1]
Results 199 [561,32,5,1,1,0,0,1]
Results 200 [551,45,4,1,0,0,0,1]
Results 199 [551,45,4,1,0,0,0,1]
Results 198 [549,46,4,2,0,0,0,1]
Results 197 [550,43,6,1,0,0,0,1]
Results 196 [554,38,4,3,0,0,2,0]
Results 195 [570,52,2,3,0,0,0,1]
Results 196 [553,39,5,3,0,0,2,0]
Results 198 [554,40,3,3,0,0,0,1]
Results 197 [554,40,4,1,1,0,0,1]
Results 197 [556,36,6,2,0,0,2,0]
Results 196 [554,39,4,2,0,0,2,0]
Results 196 [554,37,6,2,0,0,2,0]
Results 196 [557,36,5,2,0,0,2,0]
Results 197 [563,33,4,2,0,0,0,1]
Results 197 [580,40,3,3,0,0,0,1]
Results 197 [579,40,4,2,0,0,0,1]
Results 197 [554,41,3,2,0,0,2,0]
Results 197 [557,38,4,2,0,0,2,0]
Results 197 [582,38,4,2,0,0,2,0]
Results 197 [563,31,6,1,0,1,1,0]
Results 196 [565,28,6,0,1,0,2,0]
Results 198 [570,24,6,1,1,0,0,1]
Results 197 [562,34,5,1,0,0,0,1]
Results 198 [560,36,3,3,0,0,0,1]
Results 197 [585,36,3,2,0,0,0,1]
Results 196 [560,35,6,0,0,1,1,0]
Results 195 [571,24,6,1,1,0,0,1]
Results 195 [581,37,4,2,0,0,2,0]
Results 196 [552,45,3,2,0,0,0,1]
Results 194 [562,34,5,1,0,0,0,1]
Results 195 [612,32,4,2,1,0,2,0]
Results 195 [561,34,6,1,0,0,0,1]
Results 194 [557,38,4,2,0,0,0,1]
Results 194 [549,46,3,3,0,0,0,1]
Results 194 [564,29,7,1,0,0,2,0]
Results 198 [575,44,4,2,0,0,0,1]
Results 197 [561,32,6,2,0,0,2,0]
Results 197 [563,32,4,1,0,0,1,1]
Results 196 [561,35,3,2,0,0,0,1]
Results 197 [565,29,7,0,0,1,1,0]
Results 199 [576,44,4,2,0,0,0,1]
Results 198 [563,31,6,0,1,0,0,1]
Results 197 [579,40,5,2,0,0,0,1]
Results 197 [562,31,5,0,1,0,2,0]
Results 196 [564,28,7,0,1,0,0,1]
Results 194 [601,43,4,0,1,0,0,1]
Results 195 [587,33,4,1,0,0,2,0]
Results 193 [578,43,4,0,1,0,0,1]
Results 192 [576,45,3,2,0,0,0,1]
Results 191 [553,43,3,2,0,0,0,1]
Results 195 [570,46,5,2,1,0,0,1]
Results 194 [581,34,8,1,0,1,1,0]
Results 194 [553,40,4,3,0,0,0,1]
Results 197 [547,45,6,2,0,0,0,1]
Results 196 [553,36,8,0,1,0,2,0]
Results 195 [551,38,9,0,1,0,2,0]
Results 197 [553,39,5,3,0,0,0,1]
Results 196 [541,47,10,0,1,1,1,0]
Results 197 [539,48,11,0,1,1,1,0]
Results 196 [537,51,10,0,1,1,1,0]
Results 196 [535,55,8,0,1,1,1,0]
Results 195 [551,40,5,2,0,1,2,0]
Results 197 [560,31,7,1,1,0,0,1]
Results 200 [551,41,6,2,0,0,0,1]
Results 199 [573,41,8,0,1,0,2,0]
Results 200 [592,49,6,2,0,0,0,1]
Results 199 [541,48,8,0,1,1,1,0]
Results 198 [597,42,7,2,0,0,2,0]
Results 197 [552,40,6,2,0,0,0,1]
Results 196 [547,44,7,1,0,1,1,0]
Results 199 [546,46,6,1,0,1,2,0]
Results 198 [539,53,6,0,1,1,1,0]
Results 197 [539,53,6,0,1,1,1,0]
Results 196 [550,41,6,1,1,0,1,1]
Results 196 [567,49,6,1,1,0,0,1]
Results 195 [566,50,5,2,1,0,0,1]
Results 194 [540,50,6,2,1,0,0,1]
Results 196 [543,44,10,0,1,1,1,0]
Results 198 [548,44,4,3,0,0,0,1]
Results 198 [543,43,8,0,2,1,2,0]
Results 198 [542,48,6,2,0,0,2,0]
Results 197 [541,50,5,1,0,0,2,0]
Results 196 [544,47,5,1,0,0,2,0]
Results 195 [548,44,5,1,1,0,0,1]
Results 196 [548,46,3,1,1,0,0,1]
Results 194 [548,45,3,1,1,0,0,1]
Results 193 [554,38,5,2,0,0,0,1]
Results 194 [574,41,6,2,0,0,0,1]
Results 194 [567,46,8,1,1,0,0,1]
Results 193 [574,40,5,1,1,0,1,1]
Results 192 [589,51,5,2,1,0,0,1]
Results 194 [548,43,8,1,0,0,2,0]
Results 195 [570,42,9,0,0,0,2,0]
Results 198 [563,52,6,1,0,0,2,0]
Results 197 [554,41,4,0,1,0,0,1]
Results 197 [552,43,4,0,1,0,0,1]
Results 196 [553,40,6,0,0,0,2,0]
Results 195 [579,38,5,0,1,0,1,1]
Results 195 [577,40,5,0,1,0,1,1]
Results 200 [560,36,6,0,1,0,0,0]
Results 199 [560,38,5,0,1,0,0,0]
Results 198 [551,46,8,0,0,0,0,0]
Results 197 [567,31,4,2,0,0,0,0]
Results 196 [560,37,6,0,1,0,0,0]
Results 195 [618,46,6,3,0,0,0,1]
Results 194 [588,30,5,1,0,0,2,0]
Results 194 [555,39,10,0,0,0,0,0]
Results 196 [548,40,11,1,0,1,0,0]
Results 197 [592,46,7,2,1,0,2,0]
Results 198 [556,39,5,2,0,1,0,0]
Results 197 [654,53,6,4,1,0,1,1]
Results 198 [556,39,4,1,1,0,1,0]
Results 197 [556,38,5,2,1,0,1,0]
Results 196 [560,34,5,2,0,1,0,0]
Results 196 [556,39,4,2,1,0,1,0]
Results 196 [558,35,5,2,1,0,1,0]
Results 195 [552,40,7,3,0,1,0,0]
Results 195 [553,42,6,1,0,1,0,0]
Results 194 [556,39,6,1,0,1,0,0]
Results 195 [554,41,5,2,0,1,0,0]
Results 195 [553,43,6,1,0,0,0,0]
Results 196 [548,46,4,3,1,0,0,0]
Results 197 [561,34,5,2,0,1,0,0]
Results 198 [552,42,5,2,0,1,0,0]
Results 197 [551,42,5,4,0,0,0,0]
Results 197 [555,39,5,4,0,0,0,0]
Results 197 [558,35,6,1,1,0,1,0]
Results 196 [553,40,7,2,0,1,0,0]
Results 197 [552,42,6,2,0,1,0,0]
Results 196 [552,41,5,4,0,0,0,0]
Results 195 [556,38,6,2,0,1,0,0]
Results 195 [549,47,4,2,0,0,0,0]
Results 198 [559,34,6,2,0,1,0,0]
Results 199 [555,40,5,2,0,1,0,0]
Results 197 [545,47,6,2,2,0,0,0]
Results 196 [552,42,4,2,1,0,1,0]
Results 200 [552,42,5,4,0,0,0,0]
Results 199 [548,44,6,4,0,0,0,0]
Results 198 [552,45,6,1,0,0,0,0]
Results 197 [553,41,6,1,0,1,0,0]
Results 195 [547,47,5,4,0,0,0,0]
Results 194 [552,40,6,2,0,1,0,0]
Results 196 [549,45,5,4,0,0,0,0]
Results 193 [548,47,4,2,0,0,0,0]
Results 193 [562,31,4,2,0,1,1,0]
Results 192 [552,40,7,2,1,0,0,0]
Results 191 [551,42,6,2,0,1,0,0]
Results 190 [565,28,5,2,0,1,1,0]
Results 189 [563,30,5,2,0,1,1,0]
Results 190 [574,46,2,3,1,0,0,0]
Results 189 [548,48,4,2,0,0,0,0]
Results 188 [557,37,5,3,0,1,0,0]
Results 188 [564,29,5,2,0,1,1,0]
Results 191 [560,32,6,2,1,0,1,0]
Results 190 [543,51,4,3,1,0,0,0]
Results 190 [552,40,6,2,0,1,0,0]
Results 197 [546,45,6,4,0,0,0,0]
Results 198 [555,39,4,3,1,0,0,0]
Results 197 [617,48,7,2,0,1,0,0]
Results 197 [552,42,4,2,1,0,1,0]
Results 198 [561,33,5,1,1,1,0,0]
Results 198 [550,40,8,3,0,0,0,0]
Results 197 [586,32,5,2,0,1,1,0]
Results 196 [555,38,6,3,0,0,0,0]
Results 195 [559,37,4,2,0,1,0,0]
Results 198 [558,35,5,3,0,1,0,0]
Results 199 [552,41,4,2,1,0,1,0]
Results 198 [556,37,7,2,0,1,0,0]
Results 196 [605,38,4,2,0,1,1,0]
Results 197 [552,39,7,4,0,0,0,0]
Results 195 [553,41,5,1,1,0,1,0]
Results 195 [556,37,6,4,0,0,0,0]
Results 193 [559,34,6,1,1,1,0,0]
Results 194 [558,35,6,2,1,0,1,0]
Results 193 [559,35,4,2,1,0,1,0]
Results 193 [555,38,5,2,1,0,1,0]
Results 192 [555,37,8,3,0,0,0,0]
Results 199 [552,42,5,2,1,0,0,0]
Results 199 [557,35,7,3,0,0,0,0]
Results 198 [554,38,7,3,0,0,0,0]
Results 197 [560,33,5,2,1,0,1,0]
Results 198 [555,38,7,3,0,0,0,0]
Results 197 [577,42,5,2,2,0,0,0]
Results 198 [564,32,3,2,1,0,1,0]
Results 197 [559,35,6,2,1,0,0,0]
Results 200 [564,30,5,2,1,0,1,0]
Results 199 [555,41,4,2,0,0,0,0]
Results 198 [564,31,4,2,0,1,0,0]
Results 197 [557,36,7,2,1,0,0,0]
Results 195 [562,32,4,2,1,0,1,0]
Results 196 [559,33,8,3,0,0,0,0]
Results 194 [566,29,5,2,0,1,0,0]
Results 193 [564,31,4,2,1,0,1,0]
Results 192 [566,30,3,2,1,0,1,0]
Results 191 [552,44,4,2,0,0,0,0]
Results 192 [556,40,4,1,1,0,1,0]
Results 200 [560,34,6,3,0,0,0,0]
Results 199 [564,31,3,2,1,0,1,0]
Results 198 [556,38,5,1,1,0,1,0]
Results 198 [555,38,7,2,0,0,0,0]
Results 197 [561,32,6,2,0,1,0,0]
Results 196 [558,36,4,2,1,0,1,0]
Results 198 [559,36,6,3,0,0,0,0]
Results 198 [560,35,6,3,0,0,0,0]
Results 198 [555,40,7,1,0,0,0,0]
Results 197 [578,41,5,3,0,0,0,0]
Results 197 [564,33,3,2,0,1,0,0]
Results 197 [564,33,3,2,0,1,0,0]
Results 198 [555,41,4,1,0,1,0,0]
Results 198 [563,32,4,2,0,1,1,0]
Results 197 [579,38,7,3,0,0,0,0]
Results 197 [582,37,5,2,1,0,0,0]
Results 196 [626,39,8,3,0,0,0,0]
Results 195 [560,37,3,2,0,1,0,0]
Results 195 [558,37,4,1,1,0,1,0]
Results 194 [556,41,4,1,1,0,1,0]
Results 196 [569,28,3,2,0,1,0,0]
Results 194 [558,38,4,2,1,0,0,0]
Results 195 [574,46,5,2,1,0,0,0]
Results 196 [555,39,4,2,1,0,0,0]
Results 197 [548,45,8,2,0,0,0,0]
Results 198 [557,41,2,2,1,0,0,0]
Results 197 [553,44,3,3,0,0,0,0]
Results 196 [553,44,3,3,0,0,0,0]
Results 196 [570,23,6,2,0,1,0,0]
Results 196 [557,39,3,3,0,0,0,0]
Results 196 [563,30,5,2,1,0,1,0]
Results 197 [552,41,7,2,1,0,0,0]
Results 195 [557,38,4,3,0,0,0,0]
Results 195 [552,42,6,1,0,1,0,0]
Results 195 [554,41,4,3,0,0,0,0]
Results 197 [554,40,5,3,0,0,0,0]
