Results 99 [598,9,1,3,1,0,0,0]
Results 99 [597,11,2,2,0,0,0,0]
Results 99 [595,12,3,2,0,0,0,0]
Results 101 [595,10,4,2,0,1,0,0]
Results 101 [591,13,3,2,0,1,0,0]
Results 102 [589,13,3,2,0,2,1,0]
Results 104 [590,11,4,2,0,2,1,0]
Results 104 [590,11,4,2,0,2,1,0]
Results 106 [594,13,2,1,0,0,1,0]
Results 110 [590,15,4,1,0,0,1,0]
Results 109 [587,16,6,1,0,0,1,0]
Results 111 [618,9,3,2,2,0,1,0]
Results 110 [587,16,5,1,0,0,1,0]
Results 111 [592,9,4,2,2,0,1,0]
Results 112 [586,16,6,1,0,0,1,0]
Results 114 [613,14,6,1,0,0,1,0]
Results 113 [589,16,2,2,0,1,0,0]
Results 114 [591,10,6,2,0,1,0,0]
Results 115 [591,10,5,2,1,0,1,0]
Results 116 [585,18,5,2,0,0,1,0]
Results 117 [585,20,3,1,0,0,1,0]
Results 120 [588,16,2,3,0,1,0,0]
Results 121 [587,13,6,3,0,0,1,0]
Results 122 [590,12,5,2,1,0,1,0]
Results 122 [610,14,5,3,0,1,1,0]
Results 121 [588,14,5,2,1,0,1,0]
Results 123 [585,19,4,2,0,0,1,0]
Results 123 [593,10,4,2,0,1,0,0]
Results 125 [590,13,3,2,0,1,0,0]
Results 129 [583,20,4,2,0,0,1,0]
Results 129 [591,13,3,2,0,1,0,0]
Results 131 [586,15,4,3,1,0,1,0]
Results 130 [616,13,3,2,0,1,0,0]
Results 129 [584,20,3,1,0,0,1,0]
Results 130 [579,22,4,2,0,0,1,0]
Results 135 [588,19,1,1,0,0,1,0]
Results 135 [591,11,3,3,0,1,0,0]
Results 136 [585,19,4,1,0,0,1,0]
Results 137 [612,13,4,2,1,0,1,0]
Results 136 [585,17,5,1,0,0,1,0]
Results 137 [590,16,1,2,0,1,0,0]
Results 139 [584,19,4,2,0,0,1,0]
Results 139 [588,14,3,2,0,1,0,0]
Results 140 [589,14,3,2,0,1,0,0]
Results 142 [584,18,5,1,0,0,1,0]
Results 143 [589,18,1,1,0,0,1,0]
Results 143 [589,16,2,1,0,0,1,0]
Results 144 [589,17,2,1,0,0,1,0]
Results 146 [588,17,1,2,0,1,0,0]
Results 147 [589,17,1,2,0,1,0,0]
Results 148 [588,13,6,1,0,0,1,0]
Results 148 [587,18,2,1,0,0,1,0]
Results 150 [589,17,0,2,0,1,0,0]
Results 150 [587,14,5,1,0,2,0,0]
Results 152 [586,15,6,1,0,0,1,0]
Results 153 [587,16,3,0,0,2,1,0]
Results 155 [587,16,1,3,0,2,0,0]
Results 154 [585,19,1,2,1,1,0,0]
Results 155 [585,18,2,1,0,1,1,0]
Results 159 [581,21,2,2,0,1,1,0]
Results 161 [586,17,1,2,1,1,0,0]
Results 161 [613,15,2,0,0,3,1,0]
Results 165 [608,20,1,2,1,1,0,0]
Results 165 [585,18,3,1,0,1,1,0]
Results 165 [607,21,1,2,1,1,0,0]
Results 166 [588,14,3,1,0,1,2,0]
Results 166 [587,16,2,2,0,1,0,0]
Results 165 [610,17,1,3,1,1,0,0]
Results 167 [586,17,4,1,0,1,0,0]
Results 169 [614,14,3,3,0,0,0,0]
Results 168 [586,17,4,1,0,1,0,0]
Results 168 [587,16,4,1,0,1,0,0]
Results 167 [632,21,1,2,1,1,0,0]
Results 171 [586,16,3,2,0,1,0,0]
Results 173 [586,16,3,2,0,1,0,0]
Results 173 [588,15,3,0,0,1,1,0]
Results 175 [588,17,1,1,1,1,0,0]
Results 174 [610,17,3,2,0,1,0,0]
Results 175 [589,14,3,0,0,1,1,0]
Results 178 [592,12,3,0,0,1,1,0]
Results 181 [585,20,1,1,1,1,0,0]
Results 181 [593,11,2,1,0,0,2,0]
Results 180 [618,11,2,1,0,0,2,0]
Results 180 [589,14,2,2,0,1,1,0]
Results 183 [614,15,2,1,0,0,2,0]
Results 183 [586,16,3,2,0,1,0,0]
Results 188 [593,10,3,1,0,0,2,0]
Results 187 [582,20,3,2,0,1,0,0]
Results 187 [613,16,2,1,0,0,2,0]
Results 188 [583,20,3,2,0,1,0,0]
Results 187 [589,14,2,2,0,1,1,0]
Results 187 [615,13,2,1,0,0,2,0]
Results 189 [590,14,3,0,0,1,1,0]
Results 192 [586,17,3,2,0,1,0,0]
Results 193 [589,14,2,2,0,1,1,0]
Results 193 [588,13,5,0,0,1,1,0]
Results 194 [586,18,2,1,1,1,0,0]
Results 194 [611,16,4,0,0,1,1,0]
Results 195 [588,14,4,0,0,1,1,0]
Results 196 [587,18,1,1,1,1,0,0]
Results 198 [585,19,2,1,0,1,1,0]
Results 198 [586,18,2,1,0,1,1,0]
Results 197 [585,20,1,1,1,1,0,0]
Results 197 [591,15,2,2,0,0,0,0]
Results 197 [591,16,2,0,0,1,0,0]
Results 197 [592,16,2,0,0,1,0,0]
Results 197 [592,14,2,2,0,0,0,0]
Results 196 [589,18,1,2,0,0,0,0]
Results 195 [591,14,3,0,0,1,0,0]
Results 196 [587,19,1,2,0,0,0,0]
Results 196 [592,16,1,0,0,1,0,0]
Results 195 [618,14,1,2,0,0,0,0]
Results 196 [593,13,2,2,0,0,0,0]
Results 196 [592,14,1,2,0,0,0,0]
Results 196 [594,13,1,0,0,1,0,0]
Results 195 [591,14,2,2,0,0,0,0]
Results 194 [592,14,1,2,0,0,0,0]
Results 197 [591,14,2,2,0,0,0,0]
Results 196 [594,13,1,0,0,1,0,0]
Results 199 [593,11,4,0,0,1,0,0]
Results 199 [596,7,5,0,0,1,0,0]
Results 198 [592,14,3,0,0,1,0,0]
Results 197 [590,15,3,0,0,1,0,0]
Results 198 [592,14,3,0,0,1,0,0]
Results 197 [587,19,2,0,0,1,0,0]
Results 198 [596,8,5,0,0,1,0,0]
Results 197 [595,9,4,0,0,1,0,0]
Results 196 [588,16,3,1,0,1,0,0]
Results 197 [589,17,2,0,0,1,0,0]
Results 196 [595,10,4,0,0,1,0,0]
Results 195 [596,9,4,0,0,1,0,0]
Results 195 [610,22,1,0,0,1,0,0]
Results 195 [588,14,4,1,0,1,0,0]
Results 195 [587,18,3,1,0,1,0,0]
Results 194 [610,21,2,0,0,1,0,0]
Results 195 [588,19,1,0,0,1,0,0]
Results 194 [586,22,1,0,0,1,0,0]
Results 196 [586,21,1,0,0,1,0,0]
Results 195 [585,22,1,0,0,1,0,0]
Results 197 [585,20,2,1,0,1,0,0]
Results 199 [587,17,2,1,1,0,0,0]
Results 199 [591,17,1,0,0,0,1,0]
Results 198 [585,22,1,0,0,1,0,0]
Results 197 [587,16,3,1,1,0,0,0]
Results 196 [664,13,6,0,0,1,0,0]
Results 195 [589,17,1,1,1,0,0,0]
Results 194 [587,19,1,0,1,0,0,0]
Results 195 [589,16,2,1,1,0,0,0]
Results 196 [589,16,2,1,1,0,0,0]
Results 195 [611,22,1,0,0,1,0,0]
Results 194 [591,12,6,0,0,1,0,0]
Results 194 [588,18,1,1,1,0,0,0]
Results 194 [587,20,1,1,0,0,0,0]
Results 193 [587,18,1,1,1,0,0,0]
Results 194 [584,18,6,0,0,1,0,0]
Results 195 [588,15,3,1,1,0,0,0]
Results 196 [588,19,2,0,0,0,0,0]
Results 197 [587,20,0,0,0,1,0,0]
Results 197 [588,15,5,0,0,0,0,0]
Results 197 [589,15,5,0,0,0,0,0]
Results 197 [594,12,1,0,0,1,0,0]
Results 197 [586,20,1,1,0,0,0,0]
Results 197 [587,20,1,1,0,0,0,0]
Results 197 [587,20,1,0,1,0,0,0]
Results 196 [587,19,2,0,0,0,0,0]
Results 196 [588,17,3,0,0,1,0,0]
Results 195 [587,17,3,0,0,1,0,0]
Results 196 [590,16,3,0,0,1,0,0]
Results 197 [589,15,2,1,0,2,0,0]
Results 197 [585,18,2,1,1,1,0,0]
Results 197 [582,21,2,1,1,1,0,0]
Results 196 [586,19,1,1,1,0,0,0]
Results 197 [681,23,1,1,2,0,0,0]
Results 195 [589,14,2,1,0,2,0,0]
Results 196 [593,13,2,0,0,0,1,0]
Results 195 [585,20,2,1,0,0,0,0]
Results 197 [591,13,2,1,0,2,0,0]
Results 197 [586,19,3,0,0,0,0,0]
Results 196 [636,20,1,0,1,1,0,0]
Results 196 [582,20,3,1,1,1,0,0]
Results 198 [589,17,1,1,1,0,0,0]
Results 197 [589,18,0,1,1,0,0,0]
Results 197 [586,20,0,1,1,0,0,0]
Results 197 [588,18,4,0,0,0,0,0]
Results 196 [618,11,2,1,0,2,0,0]
Results 195 [587,19,3,0,0,0,0,0]
Results 194 [586,20,2,0,1,0,0,0]
Results 196 [582,22,3,0,1,0,0,0]
Results 195 [586,20,3,0,0,0,0,0]
Results 197 [584,21,3,0,1,0,0,0]
Results 196 [589,15,2,1,0,2,0,0]
Results 196 [582,23,1,0,1,1,0,0]
Results 195 [584,21,2,1,1,0,0,0]
Results 196 [585,19,2,1,1,0,0,0]
Results 195 [581,23,3,0,1,0,0,0]
Results 196 [583,20,3,0,1,1,0,0]
Results 196 [582,22,3,0,1,0,0,0]
Results 197 [583,21,3,0,1,0,0,0]
Results 197 [583,22,3,0,1,0,0,0]
Results 196 [591,13,1,0,1,1,0,0]
Results 196 [590,13,2,0,1,1,0,0]
Results 196 [585,17,4,0,1,1,0,0]
Results 198 [582,20,4,0,1,1,0,0]
Results 197 [581,20,4,0,1,1,0,0]
Results 198 [580,22,3,0,1,1,0,0]
Results 197 [582,23,3,0,1,0,0,0]
Results 197 [588,17,2,1,0,0,0,0]
Results 198 [585,21,3,0,0,0,0,0]
Results 196 [587,20,1,0,0,0,0,0]
Results 197 [590,17,1,0,0,0,0,0]
Results 197 [585,23,0,0,1,0,0,0]
Results 197 [587,18,2,1,1,0,0,0]
Results 196 [681,22,2,1,1,0,0,0]
Results 195 [590,16,2,0,1,0,0,0]
Results 196 [588,19,2,0,0,0,0,0]
Results 195 [588,19,2,0,0,0,0,0]
Results 194 [586,20,2,0,0,0,0,0]
Results 195 [629,19,4,0,1,2,0,0]
Results 196 [590,14,2,0,2,0,0,0]
Results 197 [583,23,0,0,1,0,0,0]
Results 197 [590,14,2,1,1,0,0,0]
Results 197 [584,22,0,0,0,1,0,0]
Results 197 [586,18,2,0,0,1,0,0]
Results 196 [584,21,1,0,0,1,0,0]
Results 197 [588,15,3,0,1,0,0,0]
Results 196 [588,15,2,1,0,1,0,0]
Results 196 [586,19,1,0,0,1,0,0]
Results 197 [583,17,6,0,1,0,0,0]
Results 198 [578,23,4,0,0,1,0,0]
Results 197 [583,17,4,0,1,1,0,0]
Results 197 [580,23,4,0,1,0,0,0]
Results 197 [581,21,4,1,1,0,0,0]
Results 196 [589,15,2,1,0,1,0,0]
Results 196 [584,19,2,1,0,1,0,0]
Results 195 [581,20,4,0,1,0,1,0]
Results 196 [583,18,4,0,1,1,0,0]
Results 195 [579,21,4,0,1,0,1,0]
Results 194 [586,15,4,1,0,1,0,0]
Results 196 [586,15,4,1,0,1,0,0]
Results 197 [587,15,3,1,0,1,0,0]
Results 196 [574,30,2,0,0,1,0,0]
Results 197 [576,26,4,0,0,1,0,0]
Results 195 [586,18,3,0,1,0,0,0]
Results 195 [583,20,3,0,1,0,0,0]
Results 194 [579,23,4,0,0,1,0,0]
Results 199 [578,26,2,0,0,1,0,0]
Results 198 [572,32,2,0,0,1,0,0]
Results 198 [584,19,2,0,1,1,0,0]
Results 197 [582,21,3,0,1,0,0,0]
Results 196 [586,17,2,0,1,1,0,0]
Results 195 [577,27,2,0,0,1,0,0]
Results 197 [583,22,1,0,1,0,0,0]
Results 196 [572,32,2,0,0,1,0,0]
Results 195 [602,23,5,0,0,1,0,0]
Results 195 [583,22,1,0,1,0,0,0]
Results 195 [581,24,1,0,1,0,0,0]
Results 194 [585,19,1,1,0,1,0,0]
Results 194 [580,22,3,0,0,1,0,0]
Results 197 [582,21,3,0,0,1,0,0]
Results 198 [579,24,2,0,1,0,0,0]
Results 198 [578,28,0,0,1,0,0,0]
Results 198 [575,27,4,0,1,0,0,0]
Results 197 [584,16,6,0,0,1,0,0]
Results 197 [581,22,2,0,1,0,0,0]
Results 196 [577,25,4,0,1,0,0,0]
Results 195 [577,25,4,0,1,0,0,0]
Results 195 [579,26,0,0,1,0,0,0]
Results 194 [584,18,3,1,0,1,0,0]
Results 196 [586,18,1,1,0,1,0,0]
Results 197 [587,15,3,1,0,1,0,0]
Results 197 [584,21,1,0,1,0,0,0]
Results 196 [581,19,6,0,0,1,0,0]
Results 196 [582,20,3,0,1,0,0,0]
Results 198 [587,17,1,0,1,1,0,0]
Results 199 [588,16,1,0,1,1,0,0]
Results 198 [580,25,1,0,1,1,0,0]
Results 197 [581,19,6,0,0,1,0,0]
Results 196 [585,18,3,1,0,1,0,0]
Results 195 [579,22,5,0,1,0,0,0]
Results 196 [588,14,4,0,0,1,0,0]
Results 195 [584,20,2,0,1,0,0,0]
Results 198 [585,19,1,0,1,1,0,0]
Results 197 [587,16,3,1,0,1,0,0]
Results 198 [582,19,4,0,1,1,0,0]
Results 197 [586,18,1,1,1,0,0,0]
Results 196 [585,20,0,1,1,0,0,0]
Results 197 [582,23,0,1,1,0,0,0]
Results 196 [588,14,4,0,0,1,0,0]
Results 195 [605,24,1,0,1,1,0,0]
Results 195 [586,17,1,1,1,0,0,0]
Results 195 [584,21,0,1,1,0,0,0]
Results 195 [584,18,3,1,0,1,0,0]
Results 194 [585,19,0,1,1,0,0,0]
Results 194 [586,16,3,1,0,1,0,0]
Results 196 [579,26,2,0,0,1,0,0]
Results 195 [584,17,5,0,0,1,0,0]
Results 194 [632,21,1,1,1,0,0,0]
Results 196 [582,20,4,0,0,1,0,0]
Results 199 [587,16,2,1,0,1,0,0]
Results 198 [584,19,3,0,0,1,0,0]
Results 198 [583,18,5,0,1,0,0,0]
Results 197 [584,20,2,0,0,1,0,0]
Results 198 [585,17,2,1,0,1,0,0]
Results 197 [584,17,5,0,1,0,0,0]
Results 196 [583,23,0,0,1,0,0,0]
Results 196 [582,23,2,0,1,0,0,0]
Results 196 [583,21,2,0,0,1,0,0]
Results 198 [584,22,1,0,1,0,0,0]
Results 197 [579,25,2,0,0,1,0,0]
Results 197 [584,20,2,0,1,1,0,0]
Results 197 [579,27,1,0,0,1,0,0]
Results 196 [586,16,5,0,0,1,0,0]
Results 197 [584,18,4,0,0,1,0,0]
Results 197 [587,17,2,1,0,1,0,0]
Results 198 [609,22,1,0,1,0,0,0]
Results 198 [580,22,5,0,1,0,0,0]
Results 197 [590,13,2,1,0,1,0,0]
Results 197 [587,17,2,0,0,1,0,0]
Results 196 [610,20,1,0,1,0,0,0]
Results 196 [590,14,1,1,0,1,0,0]
Results 197 [581,24,1,0,0,1,0,0]
Results 196 [591,14,1,1,0,1,0,0]
Results 198 [590,14,3,0,0,1,0,0]
Results 197 [587,16,4,0,0,1,0,0]
Results 196 [590,14,3,0,0,1,0,0]
Results 196 [588,16,2,1,1,0,0,0]
Results 197 [679,23,3,0,0,1,0,0]
Results 195 [585,19,1,1,0,1,0,0]
Results 196 [591,14,2,1,0,1,0,0]
Results 196 [588,16,2,1,0,1,0,0]
Results 195 [588,19,0,0,1,0,0,0]
Results 197 [585,21,0,0,1,1,0,0]
Results 196 [590,16,1,0,0,1,0,0]
Results 198 [593,12,1,0,1,1,0,0]
Results 198 [608,19,3,0,1,0,1,0]
Results 197 [614,15,2,1,0,1,0,0]
Results 197 [608,22,0,0,1,1,0,0]
Results 196 [585,22,0,0,1,0,0,0]
Results 197 [589,15,2,1,0,1,0,0]
Results 197 [588,17,2,0,1,0,0,0]
Results 196 [591,13,4,0,0,1,0,0]
Results 195 [585,21,1,0,1,0,0,0]
Results 194 [615,18,1,0,0,1,0,0]
Results 194 [583,22,1,1,1,0,0,0]
Results 194 [587,17,3,0,0,1,0,0]
Results 194 [588,16,3,0,0,1,0,0]
Results 193 [589,13,4,0,0,1,0,0]
Results 194 [584,23,0,0,0,1,0,0]
Results 192 [588,14,3,1,0,1,0,0]
Results 193 [584,20,2,1,1,0,0,0]
Results 195 [583,20,2,2,1,0,0,0]
Results 194 [588,15,2,2,0,1,0,0]
Results 194 [582,24,1,0,0,1,0,0]
Results 195 [582,23,1,0,0,1,0,0]
Results 196 [587,16,2,0,3,0,0,0]
Results 197 [585,21,1,0,1,0,0,0]
Results 198 [590,13,2,0,2,0,0,0]
Results 197 [585,20,2,1,0,1,0,0]
Results 197 [585,21,2,0,0,1,0,0]
Results 197 [583,22,0,0,1,1,0,0]
Results 198 [586,15,4,1,0,1,0,0]
Results 197 [588,15,2,0,2,0,0,0]
Results 196 [589,15,2,0,2,0,0,0]
Results 196 [590,14,2,0,2,0,0,0]
Results 196 [591,13,2,0,2,0,0,0]
Results 197 [589,14,4,0,0,1,0,0]
Results 196 [588,15,2,0,2,0,0,0]
Results 197 [613,16,1,0,1,1,0,0]
Results 196 [587,17,2,0,0,1,0,0]
Results 196 [590,13,4,0,0,1,0,0]
Results 195 [590,15,1,1,0,1,0,0]
Results 197 [583,21,1,3,0,0,0,0]
Results 197 [588,16,3,0,0,1,0,0]
Results 197 [588,16,3,1,0,0,0,0]
Results 197 [586,20,0,1,0,1,0,0]
Results 197 [611,16,2,0,1,1,0,0]
Results 198 [581,24,0,1,0,1,0,0]
Results 197 [587,15,2,2,0,1,0,0]
Results 197 [586,17,4,0,0,1,0,0]
Results 197 [587,16,1,2,0,1,0,0]
Results 196 [589,14,3,0,0,1,0,0]
Results 195 [604,21,4,2,0,0,0,0]
Results 194 [583,23,0,1,0,1,0,0]
Results 193 [582,24,0,1,0,1,0,0]
Results 195 [588,16,2,0,1,1,0,0]
Results 194 [586,18,2,0,1,1,0,0]
Results 197 [591,13,3,0,0,1,0,0]
Results 196 [591,14,2,0,0,1,0,0]
Results 196 [587,16,2,0,1,1,0,0]
Results 195 [591,14,0,1,1,1,0,0]
Results 195 [587,17,2,0,0,1,0,0]
Results 195 [593,11,1,0,3,0,0,0]
Results 195 [592,10,2,0,3,0,0,0]
Results 195 [629,23,4,2,0,0,0,0]
Results 195 [587,15,4,2,0,0,0,0]
Results 196 [589,15,1,1,2,0,0,0]
Results 197 [582,20,4,2,0,0,0,0]
Results 198 [584,19,1,3,0,0,0,0]
Results 198 [592,10,2,0,3,0,0,0]
Results 197 [587,16,1,1,2,0,0,0]
Results 197 [590,13,3,1,0,1,0,0]
Results 198 [587,17,1,1,2,0,0,0]
Results 197 [609,19,2,0,2,0,0,0]
Results 197 [588,16,1,1,2,0,0,0]
Results 196 [592,12,2,1,0,1,0,0]
Results 197 [589,15,2,0,2,0,0,0]
Results 197 [592,11,3,1,0,1,0,0]
Results 198 [585,19,3,1,0,0,0,0]
Results 197 [586,17,3,2,0,0,0,0]
Results 196 [587,18,2,0,1,0,0,0]
Results 195 [634,19,2,0,2,0,0,0]
Results 195 [587,17,3,0,1,0,0,0]
Results 194 [593,12,3,0,0,0,0,0]
Results 194 [582,26,0,1,0,0,0,0]
Results 194 [588,17,2,0,1,0,0,0]
Results 195 [609,19,3,2,0,0,0,0]
Results 199 [585,22,1,1,0,0,0,0]
Results 198 [586,20,2,0,1,0,0,0]
Results 198 [587,17,2,2,0,0,0,0]
Results 197 [590,15,2,0,2,0,0,0]
Results 195 [599,26,3,0,1,1,1,0]
Results 197 [580,23,1,1,0,0,2,0]
Results 196 [583,18,3,1,0,0,2,0]
Results 195 [586,16,2,0,0,1,1,0]
Results 196 [583,18,0,2,0,0,2,0]
Results 197 [583,19,2,0,0,1,1,0]
Results 198 [581,18,4,0,1,1,1,0]
Results 197 [582,19,2,0,1,0,2,0]
Results 197 [577,22,3,2,0,0,2,0]
Results 196 [634,14,3,1,1,1,1,0]
Results 197 [581,20,0,3,0,0,2,0]
Results 196 [576,22,4,2,0,1,1,0]
Results 196 [581,18,3,1,2,2,0,0]
Results 195 [581,17,6,1,0,1,1,0]
Results 198 [574,24,4,0,1,1,1,0]
Results 197 [579,18,4,0,2,2,0,0]
Results 198 [579,20,4,0,1,1,1,0]
Results 196 [580,17,4,1,0,1,1,0]
Results 196 [600,22,5,0,1,1,1,0]
Results 195 [579,17,6,1,0,1,1,0]
Results 194 [581,17,4,1,0,1,1,0]
Results 193 [583,15,4,0,1,1,1,0]
Results 196 [594,28,3,1,1,2,0,0]
Results 197 [583,15,4,0,1,1,1,0]
Results 196 [571,27,1,3,0,0,2,0]
Results 197 [574,23,6,0,0,0,2,0]
Results 196 [577,20,4,0,1,1,1,0]
Results 197 [582,17,3,1,0,1,1,0]
Results 198 [573,25,4,0,1,1,1,0]
Results 198 [575,22,4,0,2,2,0,0]
Results 196 [575,21,3,1,2,2,0,0]
Results 197 [572,25,6,0,0,0,2,0]
Results 195 [575,23,4,0,1,1,1,0]
Results 194 [575,23,4,0,1,1,1,0]
Results 194 [570,28,4,0,1,1,1,0]
Results 197 [595,29,2,1,0,0,2,0]
Results 196 [570,27,4,1,1,2,0,0]
Results 197 [572,23,4,3,0,0,2,0]
Results 198 [578,20,4,0,1,1,1,0]
Results 198 [571,27,4,0,1,1,1,0]
Results 198 [571,24,6,2,0,0,2,0]
Results 197 [571,25,5,1,1,1,1,0]
Results 196 [570,27,2,3,0,0,2,0]
Results 195 [570,25,4,3,0,0,2,0]
Results 195 [575,24,3,0,0,0,2,0]
Results 196 [577,22,3,1,0,0,2,0]
Results 198 [576,19,4,1,2,2,0,0]
Results 198 [566,31,4,1,1,1,1,0]
Results 197 [599,21,4,1,2,2,0,0]
Results 196 [571,27,0,4,0,0,2,0]
Results 198 [571,26,3,3,0,0,2,0]
Results 197 [571,25,5,2,0,0,2,0]
Results 198 [593,25,6,2,0,0,2,0]
Results 197 [571,23,5,2,0,0,2,0]
Results 197 [577,20,3,2,0,1,1,0]
Results 197 [581,15,4,1,1,1,1,0]
Results 198 [565,31,4,1,1,2,0,0]
Results 198 [571,25,4,2,0,0,2,0]
Results 198 [594,26,4,1,2,2,0,0]
Results 197 [594,25,5,1,2,2,0,0]
Results 196 [569,25,5,1,2,2,0,0]
Results 195 [593,26,5,1,2,2,0,0]
Results 194 [564,34,3,0,1,1,1,0]
Results 193 [563,33,4,0,1,1,1,0]
Results 194 [562,34,4,0,1,1,1,0]
Results 195 [562,35,3,1,0,0,2,0]
Results 195 [562,34,4,0,1,1,1,0]
Results 196 [566,28,4,3,0,0,2,0]
Results 196 [556,39,3,1,2,2,0,0]
Results 195 [558,37,3,1,2,2,0,0]
Results 195 [564,30,5,0,2,2,0,0]
Results 196 [561,33,4,3,0,0,2,0]
Results 195 [562,33,5,0,1,1,1,0]
Results 195 [561,36,3,1,0,0,2,0]
Results 196 [581,39,4,1,1,1,1,0]
Results 195 [561,34,4,0,1,0,2,0]
Results 196 [571,24,3,1,1,1,1,0]
Results 197 [560,35,1,4,0,0,2,0]
Results 198 [567,27,4,2,0,1,1,0]
Results 198 [565,27,3,2,1,2,1,0]
Results 197 [562,29,5,1,1,2,1,0]
Results 197 [563,29,3,2,1,1,2,0]
Results 196 [564,29,2,2,1,1,2,0]
Results 196 [554,37,5,1,0,0,3,0]
Results 198 [555,35,6,1,0,0,3,0]
Results 197 [558,32,6,1,1,2,1,0]
Results 197 [555,36,6,1,0,0,3,0]
Results 197 [553,37,7,1,0,0,3,0]
Results 197 [544,47,4,1,1,2,1,0]
Results 197 [578,36,3,3,1,1,2,0]
Results 196 [550,39,6,1,1,2,1,0]
Results 196 [549,40,6,2,0,0,3,0]
Results 196 [547,43,4,1,1,2,1,0]
Results 198 [552,35,6,2,2,2,1,0]
Results 197 [549,38,6,2,2,2,1,0]
Results 198 [542,47,5,3,2,1,1,0]
Results 197 [554,33,6,2,1,2,1,0]
Results 198 [536,49,7,2,2,1,1,0]
Results 197 [543,44,5,2,3,1,1,0]
Results 197 [544,44,5,2,1,0,3,0]
Results 197 [555,33,6,2,1,2,1,0]
Results 197 [574,36,8,3,0,0,3,0]
Results 197 [542,44,8,2,1,0,3,0]
Results 196 [544,45,4,2,1,2,1,0]
Results 195 [550,37,6,2,2,2,1,0]
Results 195 [543,46,4,2,1,2,1,0]
Results 196 [543,44,5,2,2,2,1,0]
Results 195 [542,45,5,2,2,2,1,0]
Results 195 [540,48,4,2,1,2,1,0]
Results 197 [547,38,8,3,0,1,2,0]
Results 196 [573,35,7,2,3,2,1,0]
Results 198 [546,43,5,1,0,0,3,0]
Results 197 [544,45,5,1,0,0,3,0]
Results 196 [542,47,4,2,1,2,1,0]
Results 197 [544,46,5,1,0,0,3,0]
Results 198 [542,47,3,4,0,0,3,0]
Results 198 [544,46,2,4,0,0,3,0]
Results 197 [547,42,5,2,0,0,3,0]
Results 198 [534,54,5,3,1,0,2,0]
Results 197 [550,38,5,2,1,2,1,0]
Results 196 [547,41,6,1,0,0,3,0]
Results 195 [539,49,5,3,0,2,1,0]
Results 195 [540,48,4,4,0,2,1,0]
Results 194 [566,47,2,5,0,0,3,0]
Results 195 [554,57,3,4,1,2,1,0]
Results 194 [549,41,5,1,0,0,3,0]
Results 194 [549,40,5,1,0,0,3,0]
Results 195 [537,49,8,2,0,2,1,0]
Results 194 [561,49,5,4,1,0,3,0]
Results 194 [562,49,5,2,1,0,3,0]
Results 195 [539,51,2,3,0,0,3,0]
Results 197 [559,50,8,2,0,2,1,0]
Results 198 [548,40,4,2,1,2,1,0]
Results 197 [560,53,5,1,0,0,3,0]
Results 197 [542,49,2,3,0,0,3,0]
Results 197 [538,47,5,3,3,2,0,0]
Results 198 [539,49,5,2,0,0,3,0]
Results 197 [548,39,6,2,1,1,2,0]
Results 197 [558,51,6,2,3,2,0,0]
Results 198 [549,38,6,2,1,1,2,0]
Results 197 [527,59,6,1,3,2,0,0]
Results 197 [564,51,2,3,0,0,3,0]
Results 196 [543,43,8,1,0,0,3,0]
Results 196 [531,54,7,2,1,1,1,0]
Results 195 [545,43,5,2,1,1,2,0]
Results 196 [571,41,6,1,0,0,3,0]
Results 196 [548,41,5,1,1,2,1,0]
Results 196 [569,40,5,2,3,2,1,0]
Results 196 [536,56,3,2,0,2,1,0]
Results 195 [547,39,6,3,0,2,1,0]
Results 195 [562,52,2,3,0,0,3,0]
Results 194 [544,43,7,1,0,0,3,0]
Results 198 [544,46,5,0,0,0,3,0]
Results 199 [550,38,4,3,1,1,2,0]
Results 198 [540,47,4,3,2,2,1,0]
Results 196 [547,40,6,2,1,2,1,0]
Results 195 [545,42,6,2,1,2,1,0]
Results 197 [535,53,5,3,2,2,0,0]
Results 194 [549,39,5,2,0,2,1,0]
Results 194 [573,38,6,3,0,2,1,0]
Results 193 [547,37,9,3,0,1,2,0]
Results 193 [541,49,4,1,0,0,3,0]
Results 196 [542,45,6,1,1,0,3,0]
Results 197 [573,39,6,3,0,2,1,0]
Results 196 [539,49,5,1,1,0,3,0]
Results 196 [538,47,8,1,0,0,3,0]
Results 197 [538,51,4,2,0,2,1,0]
Results 198 [647,63,4,2,1,2,1,0]
Results 197 [531,55,6,1,1,0,3,0]
Results 197 [558,55,4,1,1,0,3,0]
Results 196 [566,44,8,1,0,0,3,0]
Results 196 [567,43,5,2,1,4,1,0]
Results 195 [542,47,5,0,0,1,3,0]
Results 196 [532,53,7,2,1,0,3,0]
Results 197 [570,41,5,3,1,1,2,0]
Results 197 [539,47,6,2,0,2,1,0]
Results 198 [542,45,6,2,0,2,1,0]
Results 196 [538,47,7,2,0,2,1,0]
Results 196 [557,57,3,2,0,2,1,0]
Results 198 [541,43,5,3,1,3,1,0]
Results 198 [553,57,7,2,1,0,3,0]
Results 198 [580,55,9,0,1,0,3,0]
Results 197 [537,50,7,0,0,1,3,0]
Results 196 [533,55,3,2,0,1,3,0]
Results 195 [537,49,6,2,0,2,1,0]
Results 194 [527,61,4,1,2,2,1,0]
Results 195 [555,58,4,1,1,0,3,0]
Results 194 [553,60,4,1,1,0,3,0]
Results 194 [536,48,5,2,2,3,1,0]
Results 197 [531,55,6,2,1,2,1,0]
Results 199 [537,53,6,1,0,1,1,0]
Results 198 [539,53,5,1,0,1,1,0]
Results 197 [561,51,5,2,0,2,1,0]
Results 197 [566,49,3,0,0,1,3,0]
Results 196 [547,44,5,2,0,1,0,0]
Results 195 [528,64,3,1,2,1,0,0]
Results 194 [563,47,8,1,0,1,3,0]
Results 195 [540,52,6,1,1,0,0,0]
Results 195 [544,47,8,1,0,0,1,0]
Results 194 [538,54,5,1,1,0,1,0]
Results 194 [545,46,7,0,0,1,1,0]
Results 195 [533,60,4,2,0,0,1,0]
Results 195 [580,55,5,2,0,2,1,0]
Results 198 [535,58,4,1,1,0,1,0]
Results 198 [543,51,1,2,1,0,2,0]
Results 198 [543,51,1,2,1,0,2,0]
Results 198 [546,48,0,3,1,0,2,0]
Results 197 [546,46,5,2,1,0,1,0]
Results 197 [555,60,6,2,0,0,1,0]
Results 196 [555,62,4,2,0,0,1,0]
Results 196 [550,42,5,2,0,1,0,0]
Results 196 [550,42,2,2,2,1,2,0]
Results 195 [547,47,4,0,0,2,1,0]
Results 194 [544,52,1,3,0,1,0,0]
Results 194 [550,41,6,1,1,0,1,0]
Results 194 [548,42,6,2,1,0,1,0]
Results 193 [543,52,2,3,0,1,0,0]
Results 193 [564,53,4,2,0,1,0,0]
Results 192 [544,47,2,2,2,1,2,0]
Results 196 [546,45,6,2,0,1,0,0]
Results 198 [552,38,6,1,0,2,1,0]
Results 197 [551,39,7,0,0,2,1,0]
Results 197 [544,48,6,1,1,0,1,0]
Results 196 [546,45,5,2,1,0,1,0]
Results 196 [595,44,7,1,1,0,1,0]
Results 197 [549,38,10,2,0,0,1,0]
Results 197 [551,39,7,0,0,2,1,0]
Results 196 [550,42,6,1,1,0,1,0]
Results 195 [551,41,6,1,1,0,1,0]
Results 194 [567,48,6,2,0,1,0,0]
Results 194 [551,42,6,0,1,0,1,0]
Results 193 [548,41,8,1,1,1,0,0]
Results 193 [550,43,5,0,1,1,1,0]
Results 192 [552,42,4,0,1,0,1,0]
Results 196 [548,44,6,2,0,1,0,0]
Results 197 [553,38,7,1,1,1,0,0]
Results 199 [548,44,6,0,1,0,1,0]
Results 198 [535,58,3,1,0,2,1,0]
Results 198 [550,42,5,1,1,0,1,0]
Results 196 [551,42,5,1,0,1,1,0]
Results 197 [548,44,5,1,1,0,1,0]
Results 195 [545,47,6,0,1,0,1,0]
Results 198 [549,42,7,0,1,0,1,0]
Results 197 [550,43,2,2,1,0,2,0]
Results 198 [570,43,10,1,0,0,1,0]
Results 197 [552,40,6,0,1,0,1,0]
Results 199 [564,52,6,1,0,0,1,0]
Results 199 [552,39,7,0,1,0,1,0]
Results 198 [570,49,4,0,1,0,1,0]
Results 197 [543,52,2,2,0,1,0,0]
Results 197 [550,40,7,2,0,1,0,0]
Results 198 [550,44,2,2,0,1,2,0]
Results 199 [557,36,5,0,0,2,1,0]
Results 198 [556,38,1,1,2,1,2,0]
Results 197 [555,38,5,0,0,2,1,0]
Results 196 [574,42,2,1,2,1,2,0]
Results 195 [546,48,3,1,0,2,1,0]
Results 194 [560,34,5,0,0,2,1,0]
Results 193 [556,38,4,0,2,1,1,0]
Results 193 [552,42,4,1,0,1,2,0]
Results 194 [558,35,6,2,0,1,0,0]
Results 195 [554,37,7,2,1,1,0,0]
Results 195 [554,41,3,0,2,1,1,0]
Results 195 [598,43,5,1,0,2,1,0]
Results 195 [554,37,7,1,1,0,1,0]
Results 194 [555,39,3,1,1,1,1,0]
Results 194 [559,35,5,0,1,0,1,0]
Results 193 [555,40,4,0,1,0,1,0]
Results 196 [552,42,3,1,0,2,1,0]
Results 197 [552,39,7,1,1,0,1,0]
Results 197 [558,36,6,0,1,0,1,0]
Results 197 [558,36,8,1,0,0,0,0]
Results 197 [616,47,9,1,1,1,0,0]
Results 197 [561,36,2,0,1,1,1,0]
Results 197 [577,42,3,1,0,2,1,0]
Results 196 [565,33,4,0,1,0,0,0]
Results 197 [563,35,4,0,1,0,0,0]
Results 197 [562,35,3,1,0,2,0,0]
Results 196 [557,42,2,1,0,2,0,0]
Results 196 [565,33,5,0,1,0,0,0]
Results 198 [562,36,4,1,1,0,0,0]
Results 197 [563,37,4,0,0,0,0,0]
Results 198 [602,42,3,1,0,2,1,0]
Results 197 [567,34,2,1,0,0,0,0]
Results 199 [569,32,1,0,0,1,1,0]
Results 198 [611,35,3,0,1,1,1,0]
Results 197 [584,39,2,1,0,2,0,0]
Results 197 [568,31,2,0,1,1,1,0]
Results 196 [569,29,6,0,0,0,0,0]
Results 196 [570,29,6,0,0,0,0,0]
Results 198 [571,26,4,1,0,2,0,0]
Results 197 [593,30,6,1,0,0,0,0]
Results 197 [576,25,1,0,0,1,1,0]
Results 198 [566,32,7,0,0,0,0,0]
Results 198 [572,27,6,0,0,0,0,0]
Results 198 [573,29,1,0,0,1,1,0]
Results 198 [577,25,1,0,0,1,1,0]
Results 197 [576,25,2,0,0,1,1,0]
Results 196 [600,25,2,0,0,1,1,0]
Results 196 [574,27,1,0,0,1,1,0]
Results 197 [579,19,4,1,0,2,0,0]
Results 198 [579,24,1,0,0,1,1,0]
Results 198 [578,23,2,0,0,1,1,0]
Results 196 [583,19,2,0,0,1,1,0]
Results 197 [638,36,3,0,1,1,0,0]
Results 197 [596,28,3,0,0,1,1,0]
Results 196 [571,29,4,0,1,0,0,0]
Results 195 [573,27,4,0,1,0,0,0]
Results 194 [568,32,2,1,0,2,0,0]
Results 198 [569,34,3,0,0,0,0,0]
Results 198 [577,22,4,2,0,0,0,0]
Results 197 [576,22,6,1,0,0,0,0]
Results 197 [621,29,1,0,0,1,1,0]
Results 196 [577,22,5,1,0,0,0,0]
Results 195 [573,27,4,0,1,0,0,0]
Results 196 [576,24,3,0,1,1,0,0]
Results 195 [571,33,2,0,0,0,0,0]
Results 195 [576,22,8,0,0,0,0,0]
Results 194 [575,22,6,0,1,1,0,0]
Results 195 [572,30,3,0,0,0,0,0]
Results 196 [577,24,3,1,1,0,0,0]
Results 195 [576,24,4,1,0,0,0,0]
Results 194 [686,34,6,0,1,1,0,0]
Results 196 [578,21,6,0,0,0,0,0]
Results 197 [576,23,6,1,0,0,0,0]
Results 197 [649,26,1,0,0,1,1,0]
Results 196 [583,18,2,0,1,0,1,0]
Results 196 [578,23,2,0,0,1,1,0]
Results 197 [595,33,2,0,0,0,0,0]
Results 195 [577,23,5,0,0,0,0,0]
Results 195 [575,26,5,0,0,0,0,0]
Results 198 [573,26,6,0,0,0,0,0]
Results 198 [587,14,2,0,1,0,1,0]
Results 197 [588,14,2,0,1,0,1,0]
Results 197 [575,24,6,0,0,0,0,0]
Results 198 [580,18,6,0,1,1,0,0]
Results 197 [578,23,4,0,1,0,0,0]
Results 197 [577,22,7,0,0,0,0,0]
Results 196 [625,28,3,0,0,0,0,0]
Results 195 [580,18,6,0,1,1,0,0]
Results 195 [577,23,6,0,0,0,0,0]
Results 194 [576,22,4,1,0,2,0,0]
Results 197 [583,20,1,0,0,1,1,0]
Results 196 [577,24,4,0,1,0,0,0]
Results 196 [577,24,3,0,0,1,1,0]
Results 195 [580,21,2,0,0,1,1,0]
Results 197 [579,24,2,0,0,1,1,0]
Results 195 [575,23,4,1,0,2,0,0]
Results 194 [575,24,4,1,0,2,0,0]
Results 198 [579,24,1,0,0,1,1,0]
Results 199 [577,23,2,1,0,2,0,0]
Results 198 [578,23,2,0,0,1,1,0]
Results 197 [575,26,3,0,1,0,0,0]
Results 196 [583,20,1,0,0,1,1,0]
Results 195 [576,24,6,0,0,0,0,0]
Results 193 [581,23,1,0,0,0,1,0]
Results 194 [580,23,2,1,1,0,0,0]
Results 193 [665,35,2,1,0,2,0,0]
Results 193 [583,21,1,0,0,0,1,0]
Results 194 [583,21,1,0,0,0,1,0]
Results 197 [578,22,4,1,0,1,0,0]
Results 197 [584,18,2,1,1,0,0,0]
Results 198 [581,23,2,0,0,0,0,0]
Results 199 [580,24,1,0,0,0,1,0]
Results 198 [581,23,3,0,0,0,0,0]
Results 198 [581,22,2,0,0,0,1,0]
Results 197 [604,22,3,2,0,0,0,0]
Results 196 [579,25,3,1,0,0,0,0]
Results 195 [577,23,6,0,0,0,0,0]
Results 194 [583,19,5,0,0,0,0,0]
Results 195 [582,21,3,1,0,0,0,0]
Results 196 [579,23,5,0,0,0,0,0]
Results 195 [603,23,5,0,0,1,0,0]
Results 196 [584,21,1,0,0,0,1,0]
Results 196 [581,20,5,0,0,0,0,0]
Results 195 [582,24,1,0,0,0,1,0]
Results 199 [588,18,1,0,0,0,1,0]
Results 199 [593,9,4,0,0,0,1,0]
Results 198 [591,12,3,0,0,0,1,0]
Results 197 [583,20,1,1,1,0,0,0]
Results 196 [579,24,3,1,0,0,0,0]
Results 195 [588,17,1,0,0,0,1,0]
Results 194 [581,20,5,0,0,0,0,0]
Results 193 [611,18,1,0,0,0,1,0]
Results 195 [578,26,1,0,1,0,0,0]
Results 194 [578,26,1,0,1,0,0,0]
Results 197 [581,20,6,0,0,0,0,0]
Results 199 [583,21,1,0,0,0,1,0]
Results 198 [577,26,2,1,0,1,0,0]
Results 197 [582,18,6,0,0,0,0,0]
Results 197 [599,29,2,0,1,0,0,0]
Results 196 [587,20,0,0,0,0,0,0]
Results 195 [589,19,0,0,0,0,0,0]
Results 196 [585,23,0,0,0,0,0,0]
Results 195 [586,22,0,0,0,0,0,0]
Results 194 [586,22,0,0,0,0,0,0]
Results 194 [589,18,1,0,0,0,0,0]
Results 194 [585,23,0,0,0,0,0,0]
Results 195 [589,19,0,0,0,0,0,0]
Results 194 [615,12,4,0,0,1,0,0]
Results 195 [590,17,1,0,0,0,0,0]
Results 197 [591,16,0,0,0,0,0,0]
Results 200 [581,26,1,0,0,0,0,0]
Results 199 [587,17,3,0,1,0,0,0]
Results 198 [580,25,2,0,0,1,0,0]
Results 197 [581,24,1,0,0,1,0,0]
Results 197 [585,19,1,1,0,0,1,0]
Results 196 [585,20,3,1,0,0,0,0]
Results 196 [587,17,1,1,0,1,0,0]
Results 195 [584,22,2,0,0,0,0,0]
Results 194 [610,23,0,0,0,0,0,0]
Results 194 [587,16,4,0,0,1,0,0]
Results 192 [583,20,2,1,0,0,1,0]
Results 193 [582,23,3,0,0,0,0,0]
Results 192 [591,15,3,0,0,0,0,0]
Results 191 [585,20,1,1,0,0,1,0]
Results 193 [589,14,4,0,0,0,0,0]
Results 193 [608,22,1,1,0,0,1,0]
Results 196 [590,15,2,0,0,0,0,0]
Results 195 [590,16,2,0,0,0,0,0]
Results 195 [582,23,1,0,1,0,0,0]
Results 195 [594,11,2,0,0,0,0,0]
Results 196 [584,21,2,0,1,0,0,0]
Results 198 [580,25,1,0,0,0,1,0]
Results 198 [584,21,3,0,0,0,0,0]
Results 197 [583,22,3,0,0,0,0,0]
Results 197 [587,17,1,1,0,1,0,0]
Results 197 [588,15,2,2,0,1,0,0]
Results 196 [582,25,1,0,0,0,0,0]
Results 197 [584,20,1,1,0,1,0,0]
Results 197 [607,24,1,0,0,0,1,0]
Results 197 [609,22,3,0,0,0,0,0]
Results 198 [584,21,2,0,0,0,1,0]
Results 197 [584,22,1,0,0,1,0,0]
Results 195 [584,22,1,0,0,1,0,0]
Results 196 [581,24,3,0,0,0,0,0]
Results 194 [584,22,1,0,0,1,0,0]
Results 194 [582,24,1,0,0,1,0,0]
Results 196 [585,18,3,0,1,0,0,0]
Results 197 [585,18,3,0,0,1,0,0]
Results 197 [586,17,3,0,1,0,0,0]
Results 196 [629,26,3,0,0,0,0,0]
Results 196 [583,22,1,0,0,1,0,0]
Results 200 [588,16,2,1,0,1,0,0]
Results 199 [588,16,3,0,1,0,0,0]
Results 198 [586,21,0,0,1,0,0,0]
Results 197 [591,14,3,0,0,0,1,0]
Results 198 [587,19,3,0,0,0,0,0]
Results 199 [587,18,3,0,0,0,0,0]
Results 198 [607,23,1,0,0,1,0,0]
Results 197 [587,19,1,0,1,0,0,0]
Results 196 [588,19,3,0,0,0,0,0]
Results 195 [588,19,2,0,0,0,0,0]
Results 194 [679,27,1,0,0,1,0,0]
Results 193 [589,19,1,0,0,0,0,0]
Results 192 [588,18,2,0,0,0,1,0]
Results 191 [581,24,3,0,0,0,0,0]
Results 192 [590,17,0,1,0,1,0,0]
Results 194 [589,18,1,0,0,0,1,0]
Results 197 [588,18,1,0,1,0,0,0]
Results 196 [589,20,0,0,0,0,0,0]
Results 196 [590,17,1,0,1,0,0,0]
Results 197 [591,16,1,0,1,0,0,0]
Results 195 [590,17,1,0,1,0,0,0]
Results 197 [588,18,0,1,0,1,0,0]
Results 199 [583,23,1,0,0,1,0,0]
Results 198 [615,15,1,0,1,0,0,0]
Results 197 [589,19,1,0,0,0,0,0]
Results 197 [593,14,1,0,1,0,0,0]
Results 196 [588,19,1,0,0,1,0,0]
Results 197 [595,11,3,0,0,0,0,0]
Results 196 [609,22,1,0,0,1,0,0]
Results 196 [587,21,0,0,0,1,0,0]
Results 196 [595,11,3,0,0,0,0,0]
Results 196 [585,23,2,0,0,0,0,0]
Results 195 [593,14,2,0,0,0,0,0]
Results 194 [593,15,0,0,0,0,1,0]
Results 197 [639,19,0,0,0,0,0,0]
Results 196 [591,16,1,0,0,0,1,0]
Results 197 [594,12,3,0,0,0,0,0]
Results 196 [592,17,1,0,0,0,0,0]
Results 197 [591,14,2,0,0,1,0,0]
Results 199 [592,15,1,0,1,0,0,0]
Results 199 [590,19,0,0,0,0,0,0]
Results 198 [591,15,3,0,0,0,0,0]
Results 197 [589,17,1,0,0,1,0,0]
Results 196 [590,16,0,1,0,1,0,0]
Results 198 [586,21,2,0,0,0,0,0]
Results 197 [592,16,0,0,0,0,1,0]
Results 198 [617,14,2,0,0,1,0,0]
Results 197 [591,16,0,0,0,0,1,0]
Results 196 [588,20,0,0,0,1,0,0]
Results 196 [589,17,2,0,0,0,0,0]
Results 197 [585,22,0,0,1,0,0,0]
Results 196 [585,21,1,0,1,0,0,0]
Results 195 [590,17,0,0,1,0,0,0]
Results 197 [591,15,3,0,0,0,0,0]
Results 199 [585,22,2,0,0,0,0,0]
Results 198 [588,20,0,0,0,1,0,0]
Results 197 [588,19,0,0,1,0,0,0]
Results 198 [595,12,1,1,0,1,0,0]
Results 198 [589,19,0,0,1,0,0,0]
Results 197 [592,15,1,1,0,0,0,0]
Results 196 [589,19,0,0,1,0,0,0]
Results 195 [593,13,2,1,0,0,0,0]
Results 194 [613,17,2,0,0,0,0,0]
Results 193 [589,19,2,0,0,0,0,0]
Results 198 [591,16,3,0,0,0,0,0]
Results 197 [595,13,0,0,0,0,1,0]
Results 197 [587,21,0,0,1,0,0,0]
Results 197 [591,16,1,0,0,1,0,0]
Results 196 [591,15,3,0,0,0,0,0]
Results 195 [590,18,1,0,0,0,0,0]
Results 195 [591,17,1,0,0,0,0,0]
Results 195 [590,18,1,0,0,0,0,0]
Results 199 [589,20,0,0,0,1,0,0]
Results 198 [588,21,0,0,0,1,0,0]
Results 197 [591,17,1,0,0,0,0,0]
Results 197 [595,11,2,0,0,1,0,0]
Results 196 [594,12,2,0,0,1,0,0]
Results 198 [588,19,1,0,0,1,0,0]
Results 197 [612,18,2,0,0,1,0,0]
Results 196 [594,14,0,0,1,0,0,0]
Results 195 [614,19,0,0,0,1,0,0]
Results 194 [584,24,0,0,1,0,0,0]
Results 194 [596,11,1,0,1,0,0,0]
Results 194 [582,25,0,0,1,0,0,0]
Results 199 [587,19,1,0,0,1,0,0]
Results 199 [585,23,0,0,0,1,0,0]
Results 198 [590,16,3,0,0,0,0,0]
Results 197 [609,22,1,0,0,1,0,0]
Results 196 [591,16,1,0,0,1,0,0]
Results 197 [589,19,1,0,0,0,0,0]
Results 196 [588,20,1,0,0,0,0,0]
Results 195 [612,20,0,0,0,1,0,0]
Results 194 [586,21,1,0,1,0,0,0]
Results 195 [588,19,1,0,1,0,0,0]
Results 194 [590,16,1,0,0,1,0,0]
Results 194 [590,15,3,0,0,1,0,0]
Results 197 [588,20,0,1,0,0,0,0]
Results 198 [587,20,1,0,1,0,0,0]
Results 197 [588,20,0,1,0,0,0,0]
Results 196 [590,18,1,0,1,0,0,0]
Results 196 [590,18,1,0,0,0,0,0]
Results 195 [590,17,2,0,0,0,0,0]
Results 199 [592,15,2,0,0,0,0,0]
Results 199 [594,13,1,0,0,0,1,0]
Results 198 [594,13,1,0,0,0,1,0]
Results 197 [592,17,0,0,0,0,0,0]
Results 196 [614,19,0,1,0,0,0,0]
Results 195 [593,14,1,0,0,1,0,0]
Results 194 [589,16,3,0,0,1,0,0]
Results 193 [590,18,1,0,0,0,0,0]
Results 192 [590,16,3,0,0,1,0,0]
Results 192 [587,20,1,0,1,0,0,0]
Results 192 [635,21,1,0,1,0,0,0]
Results 191 [588,19,1,0,1,0,0,0]
Results 192 [589,17,3,0,0,0,0,0]
Results 197 [589,18,1,0,0,1,0,0]
Results 199 [589,16,3,0,0,1,0,0]
Results 199 [590,16,2,0,0,1,0,0]
Results 198 [591,15,3,0,0,0,0,0]
Results 197 [590,15,3,0,0,1,0,0]
Results 197 [595,12,1,0,0,1,0,0]
Results 196 [615,15,4,0,0,1,0,0]
Results 195 [589,19,2,0,0,0,0,0]
Results 195 [591,16,3,0,0,0,0,0]
Results 196 [588,19,2,0,0,0,0,0]
Results 197 [593,15,0,0,0,0,1,0]
Results 198 [593,16,0,0,0,1,0,0]
Results 197 [594,15,0,0,0,0,1,0]
Results 196 [615,16,3,0,0,0,0,0]
Results 197 [620,12,1,0,0,1,0,0]
Results 196 [591,17,1,0,0,0,0,0]
Results 196 [590,16,2,1,0,0,0,0]
Results 197 [612,20,1,1,0,0,0,0]
Results 196 [588,18,2,0,0,1,0,0]
Results 197 [589,18,2,0,0,1,0,0]
Results 197 [589,19,0,0,0,0,1,0]
Results 196 [592,16,0,0,0,0,1,0]
Results 197 [590,18,0,0,0,0,1,0]
Results 197 [614,17,2,1,0,0,0,0]
Results 198 [587,19,1,1,0,0,0,0]
Results 197 [589,15,4,0,0,1,0,0]
Results 196 [611,20,3,0,0,0,0,0]
Results 196 [586,22,1,0,0,0,0,0]
Results 196 [594,14,0,0,0,0,1,0]
Results 195 [587,21,0,0,0,1,0,0]
Results 194 [585,23,1,0,0,0,0,0]
Results 196 [585,23,1,0,0,0,0,0]
Results 195 [588,18,2,1,0,0,0,0]
Results 195 [588,17,3,1,0,0,0,0]
Results 195 [590,16,3,0,0,0,0,0]
Results 196 [591,19,0,0,0,0,0,0]
Results 195 [589,20,0,0,0,0,0,0]
Results 195 [587,22,1,0,0,0,0,0]
Results 196 [592,18,0,0,0,0,0,0]
Results 198 [611,22,0,0,0,1,0,0]
Results 199 [665,16,0,0,0,1,0,0]
Results 197 [663,17,3,1,0,0,0,0]
Results 198 [584,23,2,1,0,0,0,0]
Results 196 [586,22,0,0,0,1,0,0]
Results 195 [588,20,0,0,0,1,0,0]
Results 198 [584,22,2,1,0,0,0,0]
Results 197 [588,19,0,0,0,1,0,0]
Results 196 [587,20,0,0,0,1,0,0]
Results 196 [585,23,0,0,0,1,0,0]
Results 194 [593,15,0,0,0,0,1,0]
Results 195 [591,17,1,0,0,0,1,0]
Results 193 [588,19,2,0,0,0,0,0]
Results 194 [586,22,0,0,0,1,0,0]
Results 193 [610,20,2,1,0,0,0,0]
Results 192 [584,22,2,1,0,0,0,0]
Results 194 [586,20,2,0,0,0,0,0]
Results 195 [592,17,0,0,0,1,0,0]
Results 195 [586,22,0,0,0,0,1,0]
Results 194 [589,17,1,0,0,1,0,0]
Results 195 [589,19,0,0,0,0,1,0]
Results 195 [589,18,0,0,0,1,0,0]
Results 196 [620,13,0,0,0,0,1,0]
Results 197 [590,17,1,1,0,0,0,0]
Results 198 [583,22,3,0,0,0,0,0]
Results 197 [587,17,3,1,0,0,0,0]
Results 197 [588,17,2,1,0,0,0,0]
Results 196 [586,15,5,1,0,0,0,0]
Results 198 [584,21,3,1,0,0,0,0]
Results 199 [585,21,2,1,0,0,0,0]
Results 198 [586,18,4,0,0,0,0,0]
Results 197 [590,16,1,1,0,0,0,0]
Results 196 [586,19,2,1,0,0,0,0]
Results 196 [585,20,2,1,0,0,0,0]
Results 195 [582,23,4,0,0,0,0,0]
Results 194 [588,18,1,1,0,0,0,0]
Results 193 [586,21,2,0,0,0,0,0]
Results 194 [610,20,2,1,0,0,0,0]
Results 195 [583,23,2,1,0,0,0,0]
Results 196 [581,22,5,0,0,0,0,0]
Results 196 [585,21,2,1,0,0,0,0]
Results 200 [654,25,2,1,0,0,0,0]
Results 199 [588,16,4,0,0,0,0,0]
Results 198 [603,27,2,1,0,0,0,0]
Results 197 [583,23,3,0,0,0,0,0]
Results 197 [585,23,1,0,0,0,0,0]
Results 196 [584,24,1,0,0,0,0,0]
Results 197 [592,14,1,0,0,0,1,0]
Results 197 [588,16,4,0,0,0,0,0]
Results 197 [585,21,2,1,0,0,0,0]
Results 197 [594,14,0,0,0,0,1,0]
Results 195 [586,18,4,0,0,0,0,0]
Results 196 [593,14,1,0,0,1,0,0]
Results 194 [595,13,0,0,0,0,1,0]
Results 193 [588,20,0,0,0,1,0,0]
Results 192 [591,16,0,0,0,0,1,0]
Results 191 [590,16,1,0,0,1,0,0]
Results 191 [587,19,3,0,0,0,0,0]
Results 196 [589,18,1,0,0,1,0,0]
Results 198 [581,23,3,1,0,0,0,0]
Results 197 [586,20,2,0,0,0,0,0]
Results 197 [581,23,3,1,0,0,0,0]
Results 197 [660,19,4,0,0,0,0,0]
Results 196 [589,16,1,0,0,1,0,0]
Results 198 [591,16,0,0,0,0,1,0]
Results 197 [578,26,3,1,0,0,0,0]
Results 197 [610,22,2,0,0,0,0,0]
Results 196 [587,21,0,0,0,1,0,0]
Results 196 [586,18,4,0,0,0,0,0]
Results 195 [588,17,1,0,0,0,1,0]
Results 196 [584,21,1,0,0,0,1,0]
Results 196 [582,24,1,1,0,0,0,0]
Results 196 [590,17,0,0,0,0,1,0]
Results 196 [582,24,1,1,0,0,0,0]
Results 196 [580,25,2,1,0,0,0,0]
Results 195 [588,17,2,0,0,0,1,0]
Results 196 [589,17,0,0,0,0,1,0]
Results 197 [583,20,3,1,0,0,0,0]
Results 196 [585,20,3,1,0,0,0,0]
Results 197 [580,24,3,1,0,0,0,0]
Results 196 [581,21,4,1,0,0,0,0]
Results 196 [574,31,2,1,0,0,0,0]
Results 198 [663,16,2,0,0,1,0,0]
Results 199 [582,24,1,1,0,0,0,0]
Results 198 [581,25,3,0,0,0,0,0]
Results 198 [583,22,1,1,0,0,0,0]
Results 197 [582,23,2,0,0,0,0,0]
Results 197 [582,23,2,0,0,0,0,0]
Results 198 [584,19,4,1,0,0,0,0]
Results 198 [583,22,2,0,0,0,0,0]
Results 197 [602,24,5,1,0,0,0,0]
Results 197 [581,25,2,0,0,0,0,0]
Results 196 [579,25,4,1,0,0,0,0]
Results 195 [583,22,2,0,0,0,1,0]
Results 200 [570,35,1,1,0,0,0,0]
Results 199 [580,24,3,0,0,0,0,0]
Results 198 [576,27,4,0,0,0,0,0]
Results 198 [579,26,1,0,0,1,0,0]
Results 199 [591,13,2,0,0,0,1,0]
Results 198 [582,23,1,0,0,1,0,0]
Results 197 [574,31,2,1,0,0,0,0]
Results 196 [577,26,2,1,0,0,0,0]
Results 195 [583,23,1,0,0,1,0,0]
Results 194 [580,22,4,1,0,0,0,0]
Results 198 [577,27,2,1,0,0,0,0]
Results 197 [589,15,2,0,0,0,1,0]
Results 197 [585,18,2,0,0,0,1,0]
Results 196 [596,32,2,1,0,0,0,0]
Results 196 [580,22,4,1,0,0,0,0]
Results 195 [577,26,1,1,0,0,1,0]
Results 195 [580,22,4,1,0,0,0,0]
Results 199 [577,26,3,1,0,0,0,0]
Results 199 [580,22,3,0,0,1,0,0]
Results 198 [577,26,3,1,0,0,0,0]
Results 197 [576,28,3,0,0,0,0,0]
Results 196 [655,26,2,0,0,0,0,0]
Results 195 [655,26,2,0,0,0,0,0]
Results 194 [574,29,3,1,0,0,0,0]
Results 193 [605,23,3,1,0,0,0,0]
Results 195 [574,28,4,0,0,0,0,0]
Results 194 [574,28,4,1,0,0,0,0]
Results 193 [575,27,4,0,0,0,0,0]
Results 192 [572,30,3,1,0,0,0,0]
Results 192 [584,20,1,0,0,1,0,0]
Results 194 [579,26,2,0,0,0,0,0]
Results 200 [568,37,1,1,0,0,0,0]
Results 199 [571,34,1,1,0,0,0,0]
Results 198 [630,22,2,0,0,0,1,0]
Results 197 [584,19,2,0,0,1,0,0]
Results 195 [596,31,3,1,0,0,0,0]
Results 196 [582,22,2,0,0,1,0,0]
Results 194 [578,26,2,1,0,0,0,0]
Results 197 [703,25,2,0,0,0,0,0]
Results 197 [580,25,1,1,0,0,0,0]
Results 196 [579,26,2,0,0,0,0,0]
Results 196 [579,25,2,1,0,0,0,0]
Results 196 [582,22,1,0,0,1,0,0]
Results 196 [584,20,1,0,0,1,0,0]
Results 197 [579,25,1,1,0,0,0,0]
Results 198 [581,23,1,1,0,0,1,0]
Results 196 [582,21,1,1,0,0,1,0]
Results 195 [583,21,1,0,0,1,0,0]
Results 195 [579,23,4,0,0,0,0,0]
Results 194 [596,34,1,1,0,0,0,0]
Results 199 [578,24,3,1,0,0,0,0]
Results 198 [578,26,1,1,0,0,0,0]
Results 198 [579,25,1,1,0,0,0,0]
Results 197 [576,26,3,1,0,0,0,0]
Results 195 [577,26,2,1,0,0,0,0]
Results 196 [573,29,3,1,0,0,0,0]
Results 194 [579,25,2,0,0,0,0,0]
Results 193 [574,30,1,1,0,0,0,0]
Results 192 [573,30,2,1,0,0,0,0]
Results 193 [580,22,3,1,0,0,0,0]
Results 192 [578,24,3,1,0,0,0,0]
Results 193 [580,22,3,1,0,0,0,0]
Results 197 [572,30,3,1,0,0,0,0]
Results 198 [605,23,1,1,0,0,1,0]
Results 198 [587,18,1,0,0,1,0,0]
Results 197 [647,31,2,0,0,0,0,0]
Results 198 [584,20,1,0,0,1,0,0]
Results 197 [579,25,2,0,0,0,0,0]
Results 196 [573,31,3,0,0,0,0,0]
Results 196 [575,27,2,1,0,0,0,0]
Results 196 [582,21,2,0,0,0,1,0]
Results 197 [576,27,3,0,0,0,0,0]
Results 196 [579,25,2,1,0,0,0,0]
Results 197 [577,26,1,1,0,0,1,0]
Results 199 [575,28,2,0,0,1,0,0]
Results 198 [572,30,3,1,0,0,0,0]
Results 197 [576,28,3,0,0,0,0,0]
Results 198 [576,26,2,1,0,0,1,0]
Results 197 [578,24,3,0,0,0,1,0]
Results 197 [695,34,1,1,0,0,0,0]
Results 197 [577,26,2,0,0,0,0,0]
Results 196 [583,21,1,0,0,1,0,0]
Results 195 [600,29,1,0,0,0,0,0]
Results 194 [570,31,3,1,0,0,0,0]
Results 194 [577,25,3,0,0,0,1,0]
Results 194 [575,27,3,1,0,0,0,0]
Results 197 [575,27,2,1,0,0,1,0]
Results 197 [571,33,1,1,0,0,0,0]
Results 196 [603,25,2,1,0,0,0,0]
Results 197 [586,19,0,0,0,0,1,0]
Results 196 [571,33,1,1,0,0,0,0]
Results 195 [581,23,0,0,0,0,1,0]
Results 195 [569,33,3,1,0,0,0,0]
Results 194 [571,32,2,0,0,0,0,0]
Results 195 [571,31,3,1,0,0,0,0]
Results 194 [582,20,2,1,0,0,1,0]
Results 196 [584,17,2,1,0,0,1,0]
Results 195 [584,19,2,0,0,0,1,0]
Results 195 [585,19,0,0,0,0,1,0]
Results 197 [584,17,2,1,0,0,1,0]
Results 199 [583,20,2,0,0,1,0,0]
Results 199 [596,32,2,1,0,0,0,0]
Results 198 [575,28,4,0,0,0,0,0]
Results 198 [581,23,2,1,0,0,0,0]
Results 197 [589,15,2,1,0,0,0,0]
Results 196 [580,24,2,1,0,0,0,0]
Results 195 [586,17,2,2,0,0,0,0]
Results 198 [579,25,2,1,0,0,0,0]
Results 197 [584,18,3,1,0,0,0,0]
Results 196 [577,27,1,0,0,1,0,0]
Results 196 [585,17,2,2,0,0,0,0]
Results 195 [577,27,2,0,0,0,0,0]
Results 193 [579,25,1,1,0,0,0,0]
Results 194 [608,22,0,0,0,1,0,0]
Results 193 [573,29,3,0,0,0,0,0]
Results 192 [579,23,3,1,0,0,0,0]
Results 192 [585,17,3,1,0,0,0,0]
Results 194 [576,25,4,1,0,0,0,0]
Results 194 [624,25,3,2,0,0,1,0]
Results 194 [596,31,3,0,0,0,0,0]
Results 194 [576,29,1,0,0,0,0,0]
Results 194 [578,27,0,0,0,1,0,0]
Results 195 [568,35,3,0,0,0,0,0]
Results 196 [581,23,2,0,0,0,0,0]
Results 198 [576,28,2,0,0,0,0,0]
Results 197 [581,23,2,0,0,0,0,0]
Results 197 [605,23,1,1,0,0,0,0]
Results 196 [584,22,0,0,0,1,0,0]
Results 200 [578,25,3,0,0,0,0,0]
Results 199 [584,20,0,1,0,1,0,0]
Results 198 [582,21,2,1,0,0,0,0]
Results 197 [595,32,4,0,0,0,0,0]
Results 196 [580,23,3,0,0,0,0,0]
Results 195 [577,25,2,1,1,0,0,0]
Results 194 [573,30,3,0,0,0,0,0]
Results 194 [573,31,3,0,0,0,0,0]
Results 193 [585,16,3,2,0,0,0,0]
Results 192 [630,24,3,0,0,0,0,0]
Results 191 [582,22,1,0,0,1,0,0]
Results 193 [578,25,2,1,1,0,0,0]
Results 196 [580,24,2,1,0,0,0,0]
Results 196 [697,33,0,0,0,1,0,0]
Results 199 [626,29,1,0,0,0,0,0]
Results 199 [568,34,4,0,0,0,0,0]
Results 198 [577,26,3,1,0,0,0,0]
Results 197 [604,24,2,1,1,0,0,0]
Results 197 [586,18,2,0,0,1,0,0]
Results 196 [586,15,3,2,0,0,0,0]
Results 196 [571,33,3,0,0,0,0,0]
Results 195 [579,23,3,2,0,0,0,0]
Results 197 [581,23,1,1,0,0,0,0]
Results 198 [583,20,2,1,1,0,0,0]
Results 196 [584,19,4,0,0,0,0,0]
Results 197 [582,23,1,1,0,0,0,0]
Results 196 [583,22,2,0,0,0,0,0]
Results 194 [581,23,2,0,0,0,0,0]
Results 195 [581,22,3,1,0,0,0,0]
Results 193 [569,33,5,0,0,0,0,0]
Results 192 [586,20,2,0,0,0,0,0]
Results 192 [582,24,0,0,0,1,0,0]
Results 192 [586,16,3,2,0,0,0,0]
Results 196 [584,21,0,0,0,1,0,0]
Results 196 [580,20,4,2,0,0,0,0]
Results 197 [572,32,3,0,0,0,0,0]
Results 197 [578,27,1,1,0,0,0,0]
Results 196 [645,32,3,0,0,0,0,0]
Results 197 [581,22,4,0,0,0,0,0]
Results 198 [579,24,2,2,0,0,0,0]
Results 197 [583,19,2,2,0,0,0,0]
Results 197 [576,28,3,0,0,0,0,0]
Results 196 [579,24,2,2,0,0,0,0]
Results 195 [576,28,3,0,0,0,0,0]
Results 195 [574,30,3,0,0,0,0,0]
Results 196 [574,29,3,0,0,0,0,0]
Results 195 [580,22,2,2,0,0,0,0]
Results 195 [583,18,3,2,0,0,0,0]
Results 196 [586,18,3,0,0,0,0,0]
Results 196 [578,25,2,2,0,0,0,0]
Results 195 [582,22,2,0,0,1,0,0]
Results 196 [587,17,3,0,0,0,0,0]
Results 197 [579,24,2,2,0,0,0,0]
Results 196 [630,21,4,0,0,0,0,0]
Results 196 [577,24,4,1,0,0,0,0]
Results 196 [585,18,4,0,0,0,0,0]
Results 196 [583,20,4,0,0,0,0,0]
Results 198 [577,26,3,0,0,0,0,0]
Results 199 [579,24,3,1,0,0,0,0]
Results 198 [592,36,3,0,0,0,0,0]
Results 197 [574,30,2,0,0,0,0,0]
Results 196 [573,30,2,1,0,0,0,0]
Results 196 [578,25,2,1,0,0,0,0]
Results 196 [575,29,2,0,0,0,0,0]
Results 198 [569,33,4,0,0,0,0,0]
Results 199 [583,20,2,1,0,0,0,0]
Results 198 [585,18,3,1,0,0,0,0]
Results 197 [587,17,3,1,0,0,0,0]
Results 197 [584,21,2,1,0,0,0,0]
Results 199 [610,20,0,0,0,1,0,0]
Results 198 [586,16,5,1,0,0,0,0]
Results 199 [584,20,4,1,0,0,0,0]
Results 198 [580,23,4,0,0,0,0,0]
Results 197 [576,29,2,0,0,0,0,0]
Results 197 [581,23,2,1,0,0,0,0]
Results 196 [600,30,1,0,0,0,0,0]
Results 195 [580,24,2,1,0,0,0,0]
Results 197 [585,18,4,1,0,0,0,0]
Results 194 [577,28,3,0,0,0,0,0]
Results 194 [579,24,3,1,0,0,0,0]
Results 197 [584,18,4,1,0,0,0,0]
Results 197 [578,26,3,0,0,0,0,0]
Results 196 [579,26,1,1,0,0,0,0]
Results 196 [584,21,2,1,0,0,0,0]
Results 197 [583,22,2,1,0,0,0,0]
Results 195 [587,18,1,1,0,0,0,0]
Results 200 [586,19,1,0,0,1,0,0]
Results 199 [583,21,3,0,0,0,0,0]
Results 198 [578,25,4,1,0,0,0,0]
Results 197 [576,28,4,0,0,0,0,0]
Results 196 [587,16,4,1,0,0,0,0]
Results 195 [584,17,5,1,0,0,0,0]
Results 194 [585,20,3,0,0,0,0,0]
Results 193 [580,23,4,1,0,0,0,0]
Results 194 [589,14,4,1,0,0,0,0]
Results 193 [585,19,4,0,0,0,0,0]
Results 193 [584,20,4,0,0,0,0,0]
Results 192 [587,18,2,0,1,0,0,0]
Results 192 [587,19,2,0,0,0,0,0]
Results 192 [586,19,3,0,0,0,0,0]
Results 199 [635,18,3,1,0,0,0,0]
Results 200 [587,18,2,0,1,0,0,0]
Results 198 [587,18,3,0,0,0,0,0]
Results 196 [585,21,2,0,0,0,0,0]
Results 197 [584,20,3,1,0,0,0,0]
Results 195 [578,27,2,1,0,0,0,0]
Results 194 [586,21,2,0,0,0,0,0]
Results 199 [590,17,0,0,0,1,0,0]
Results 196 [585,21,1,0,0,1,0,0]
Results 197 [585,21,1,0,0,1,0,0]
Results 198 [586,21,0,0,0,1,0,0]
Results 200 [580,24,3,1,0,0,0,0]
Results 199 [585,21,3,0,0,0,0,0]
Results 198 [586,20,3,0,0,0,0,0]
Results 197 [583,22,2,0,0,0,0,0]
Results 196 [586,22,0,0,0,1,0,0]
Results 195 [587,17,3,1,0,0,0,0]
Results 196 [611,20,0,0,0,1,0,0]
Results 198 [582,19,5,1,0,0,0,0]
Results 197 [587,17,2,2,0,0,0,0]
Results 196 [582,22,3,0,0,0,0,0]
Results 197 [600,30,3,0,0,0,0,0]
Results 195 [582,22,3,0,0,0,0,0]
Results 194 [629,26,3,0,0,0,0,0]
Results 193 [581,24,2,0,0,0,0,0]
Results 192 [576,26,5,0,0,0,0,0]
Results 191 [584,19,5,1,0,0,0,0]
Results 191 [585,20,2,0,1,0,0,0]
Results 191 [587,15,3,2,0,0,0,0]
Results 190 [582,22,3,0,0,0,0,0]
Results 195 [588,15,4,1,0,0,0,0]
Results 198 [587,15,3,2,0,0,0,0]
Results 199 [608,22,2,0,0,0,0,0]
Results 198 [583,23,2,0,0,0,0,0]
Results 198 [589,17,0,1,0,1,0,0]
Results 196 [583,22,3,0,0,0,0,0]
Results 197 [586,17,4,1,0,0,0,0]
Results 195 [583,22,3,0,0,0,0,0]
Results 195 [602,26,4,0,0,0,0,0]
Results 195 [584,21,3,0,0,0,0,0]
Results 197 [586,19,3,0,0,0,0,0]
Results 196 [588,17,2,1,0,0,0,0]
Results 197 [583,22,3,1,0,0,0,0]
Results 199 [588,15,3,2,0,0,0,0]
Results 198 [588,15,4,1,0,0,0,0]
Results 197 [589,15,3,2,0,0,0,0]
Results 196 [610,17,3,2,0,0,0,0]
Results 197 [589,16,3,1,0,0,0,0]
Results 198 [581,26,2,0,0,0,0,0]
Results 197 [586,20,3,0,0,0,0,0]
Results 197 [586,18,4,1,0,0,0,0]
Results 196 [588,16,5,0,0,0,0,0]
Results 195 [586,22,0,0,0,1,0,0]
Results 195 [583,21,4,0,0,0,0,0]
Results 194 [582,24,3,0,0,0,0,0]
Results 197 [581,24,4,0,0,0,0,0]
Results 197 [584,21,4,0,0,0,0,0]
Results 198 [591,13,5,1,0,0,0,0]
Results 197 [581,24,4,0,0,0,0,0]
Results 196 [590,17,0,1,0,1,0,0]
Results 195 [590,13,5,1,0,0,0,0]
Results 195 [612,16,5,0,0,0,0,0]
Results 194 [590,16,1,2,0,0,0,0]
Results 193 [587,19,1,1,0,0,0,0]
Results 194 [584,22,2,0,0,0,0,0]
Results 195 [579,26,2,1,0,0,0,0]
Results 199 [588,19,1,0,0,1,0,0]
Results 199 [602,27,4,0,0,0,0,0]
Results 198 [582,24,3,0,0,0,0,0]
Results 198 [613,17,1,1,0,1,0,0]
Results 198 [607,24,3,0,0,0,0,0]
Results 197 [590,17,1,1,0,0,0,0]
Results 196 [591,17,1,0,0,0,0,0]
Results 196 [590,17,1,1,0,0,0,0]
Results 195 [591,16,1,1,0,0,0,0]
Results 195 [591,16,1,1,0,0,0,0]
Results 195 [587,19,3,0,0,0,0,0]
Results 198 [590,15,3,0,0,0,1,0]
Results 197 [587,18,1,1,0,1,0,0]
Results 195 [587,19,1,0,0,1,0,0]
Results 196 [589,15,2,1,0,1,0,0]
Results 195 [592,15,1,0,0,1,0,0]
Results 195 [587,18,3,0,0,0,1,0]
Results 194 [592,15,1,0,0,1,0,0]
Results 193 [589,18,0,0,0,0,1,0]
Results 193 [582,25,1,0,0,0,1,0]
Results 195 [590,15,3,0,0,1,0,0]
Results 194 [587,18,3,0,0,0,1,0]
Results 194 [590,15,1,1,0,1,0,0]
Results 198 [590,15,2,1,0,1,0,0]
Results 199 [588,18,1,0,0,1,0,0]
Results 198 [593,12,2,0,0,1,0,0]
Results 197 [593,12,1,1,0,0,1,0]
Results 196 [583,21,3,0,0,0,1,0]
Results 196 [591,13,2,1,0,0,1,0]
Results 200 [589,18,0,0,0,1,0,0]
Results 198 [589,17,1,0,0,0,1,0]
Results 197 [586,21,0,0,0,1,0,0]
Results 199 [588,18,1,0,0,0,1,0]
Results 196 [579,25,3,0,0,0,1,0]
Results 193 [587,20,0,0,0,1,0,0]
Results 195 [632,21,4,0,0,0,1,0]
Results 194 [633,20,4,0,0,0,1,0]
Results 192 [588,18,2,0,0,1,0,0]
Results 191 [585,20,2,0,0,0,1,0]
Results 190 [637,21,1,0,0,0,1,0]
Results 190 [589,15,2,1,0,0,1,0]
Results 190 [586,20,1,0,0,0,1,0]
Results 197 [586,18,3,0,0,1,0,0]
Results 198 [586,18,4,0,0,0,1,0]
Results 199 [611,21,0,0,0,1,0,0]
Results 198 [584,21,2,0,0,0,1,0]
Results 198 [591,15,2,0,0,1,0,0]
Results 197 [588,19,0,0,0,0,1,0]
Results 198 [591,15,1,0,0,1,0,0]
Results 197 [582,25,1,0,0,0,1,0]
Results 196 [588,19,0,0,0,0,1,0]
Results 195 [588,19,0,0,0,0,1,0]
Results 197 [586,21,2,0,0,0,1,0]
Results 197 [582,23,1,0,0,1,1,0]
Results 198 [589,14,3,0,1,0,1,0]
Results 197 [636,20,1,0,1,0,1,0]
Results 195 [588,17,1,0,0,1,0,0]
Results 196 [587,19,1,0,0,1,0,0]
Results 194 [579,25,2,1,0,0,1,0]
Results 193 [586,19,3,0,0,0,1,0]
Results 192 [588,15,2,0,1,0,1,0]
Results 192 [587,17,2,0,1,0,1,0]
Results 192 [588,17,1,0,1,1,0,0]
Results 191 [589,16,1,0,1,1,0,0]
Results 197 [581,22,3,0,1,0,1,0]
Results 198 [587,19,1,0,0,0,1,0]
Results 198 [582,23,1,0,0,1,1,0]
Results 198 [604,25,2,1,0,0,1,0]
Results 197 [588,18,0,0,1,1,0,0]
Results 197 [583,22,2,0,1,0,1,0]
Results 196 [590,17,1,0,0,1,0,0]
Results 196 [610,21,0,0,0,0,1,0]
Results 194 [589,18,0,0,0,0,1,0]
Results 195 [587,19,2,0,0,0,1,0]
Results 193 [608,22,1,0,1,0,1,0]
Results 192 [579,26,1,1,0,0,1,0]
Results 193 [595,10,2,0,0,1,0,0]
Results 195 [582,25,1,0,0,0,1,0]
Results 195 [592,14,2,0,0,1,0,0]
Results 196 [583,22,3,0,0,0,1,0]
Results 196 [587,19,2,0,0,0,1,0]
Results 198 [587,19,1,0,0,1,0,0]
Results 199 [588,15,3,0,1,0,1,0]
Results 198 [585,21,1,0,1,0,1,0]
Results 198 [585,22,0,0,1,0,1,0]
Results 197 [592,12,1,2,0,0,1,0]
Results 197 [603,27,1,1,0,0,1,0]
Results 198 [584,20,4,0,0,0,1,0]
Results 198 [584,20,3,0,0,0,1,0]
Results 197 [584,20,3,0,0,0,1,0]
Results 196 [611,16,4,0,1,0,1,0]
Results 195 [593,13,2,0,0,1,0,0]
Results 195 [588,16,3,0,1,0,1,0]
Results 194 [584,19,3,0,1,0,1,0]
Results 195 [586,20,2,0,0,0,1,0]
Results 197 [590,14,3,0,0,1,0,0]
Results 199 [593,12,1,1,1,0,1,0]
Results 198 [592,12,1,1,1,0,1,0]
Results 200 [593,14,1,0,1,0,1,0]
Results 199 [594,11,2,0,0,1,0,0]
Results 198 [592,14,1,0,1,0,1,0]
Results 198 [592,13,2,0,0,1,0,0]
Results 197 [592,14,1,1,0,1,0,0]
Results 197 [592,14,2,0,0,0,1,0]
Results 196 [684,18,3,0,1,0,1,0]
Results 195 [588,17,0,1,1,0,1,0]
Results 195 [591,16,1,0,0,0,1,0]
Results 194 [592,15,1,0,0,0,1,0]
Results 193 [593,13,1,1,0,1,0,0]
Results 193 [592,14,0,1,0,1,0,0]
Results 196 [592,14,0,1,0,1,0,0]
Results 197 [592,14,0,1,0,1,0,0]
Results 196 [589,15,1,1,1,0,1,0]
Results 196 [581,23,1,2,0,0,1,0]
Results 197 [584,23,1,0,0,0,1,0]
Results 195 [593,14,0,1,0,1,0,0]
Results 197 [665,16,2,0,0,1,0,0]
Results 198 [591,15,0,0,1,1,0,0]
Results 198 [589,18,0,0,1,1,0,0]
Results 197 [590,14,2,1,0,0,1,0]
Results 196 [591,14,1,1,1,0,1,0]
Results 196 [591,16,1,0,0,0,1,0]
Results 196 [590,14,3,0,1,1,0,0]
Results 195 [590,14,3,0,1,1,0,0]
Results 194 [589,17,1,0,1,1,0,0]
Results 193 [589,15,1,2,0,1,0,0]
Results 193 [588,16,2,0,1,1,0,0]
Results 192 [590,14,2,1,0,0,1,0]
Results 192 [591,13,1,2,0,1,0,0]
Results 191 [589,16,1,1,1,0,1,0]
Results 190 [688,17,2,0,0,1,0,0]
Results 190 [589,13,1,3,0,1,0,0]
Results 199 [587,17,1,0,2,1,0,0]
Results 200 [587,17,1,0,2,1,0,0]
Results 198 [584,23,1,0,0,0,1,0]
Results 197 [586,20,1,0,0,0,1,0]
Results 198 [588,15,2,0,1,0,1,0]
Results 196 [589,15,0,2,0,1,0,0]
Results 197 [587,17,1,0,2,1,0,0]
Results 196 [586,16,2,2,0,0,1,0]
Results 196 [614,15,1,0,1,1,0,0]
Results 199 [580,23,2,2,0,0,1,0]
Results 198 [581,22,2,2,0,0,1,0]
Results 197 [585,18,3,1,0,0,1,0]
Results 196 [584,22,1,0,0,0,1,0]
Results 196 [589,16,0,1,1,1,0,0]
Results 197 [585,19,2,1,1,0,1,0]
Results 198 [590,14,2,1,0,0,1,0]
Results 197 [590,16,1,0,0,1,0,0]
Results 196 [588,18,1,0,0,1,0,0]
Results 196 [589,15,1,0,2,1,0,0]
Results 195 [586,18,2,1,0,0,1,0]
Results 194 [585,22,1,0,0,0,1,0]
Results 193 [582,21,2,1,1,0,1,0]
Results 191 [610,17,3,1,0,0,1,0]
Results 192 [588,17,2,0,0,0,1,0]
Results 191 [582,21,2,1,1,0,1,0]
Results 192 [582,21,2,1,1,0,1,0]
Results 197 [582,19,3,1,1,0,1,0]
Results 200 [612,18,2,0,0,0,1,0]
Results 199 [582,23,1,2,0,0,1,0]
Results 198 [593,13,1,0,1,1,0,0]
Results 197 [581,23,1,2,0,0,1,0]
Results 195 [588,15,2,0,2,1,0,0]
Results 196 [587,16,3,0,1,0,1,0]
Results 194 [688,15,2,0,1,1,0,0]
Results 193 [590,16,0,1,1,1,0,0]
Results 193 [582,20,2,0,2,1,0,0]
Results 193 [678,27,1,0,0,0,1,0]
Results 193 [605,26,1,0,0,0,1,0]
Results 193 [581,22,2,1,0,0,1,0]
Results 194 [583,24,1,0,0,0,1,0]
Results 195 [635,18,3,1,0,0,1,0]
Results 197 [591,12,2,2,0,0,1,0]
Results 197 [583,20,3,0,0,0,1,0]
Results 197 [588,15,3,0,1,0,1,0]
Results 199 [589,14,2,2,0,0,1,0]
Results 198 [590,14,2,0,1,0,1,0]
Results 197 [590,14,2,0,1,0,1,0]
Results 196 [585,17,2,2,0,0,1,0]
Results 196 [588,15,3,0,1,0,1,0]
Results 195 [581,24,1,0,0,0,1,0]
Results 195 [588,16,1,2,0,0,1,0]
Results 194 [625,27,2,1,0,0,1,0]
Results 197 [589,14,3,0,1,0,1,0]
Results 197 [588,16,2,2,0,0,1,0]
Results 198 [586,16,2,0,2,1,0,0]
Results 197 [583,19,2,2,0,0,1,0]
Results 196 [587,14,3,2,0,0,1,0]
Results 195 [588,14,3,0,1,0,1,0]
Results 194 [607,19,3,2,0,0,1,0]
Results 193 [630,24,2,0,0,0,1,0]
Results 193 [588,15,3,2,0,0,1,0]
Results 192 [587,16,1,3,0,1,0,0]
Results 195 [587,16,3,1,1,0,1,0]
Results 198 [609,17,3,2,0,0,1,0]
Results 198 [582,23,1,0,0,0,1,0]
Results 198 [607,21,0,1,1,1,0,0]
Results 196 [661,16,3,0,0,1,1,0]
Results 197 [588,14,1,3,0,1,0,0]
Results 195 [588,14,2,0,2,1,0,0]
Results 196 [593,11,0,2,0,1,0,0]
Results 198 [584,20,0,1,1,1,0,0]
Results 197 [591,11,3,2,0,0,1,0]
Results 196 [588,18,1,0,0,0,1,0]
Results 196 [588,17,1,0,1,1,0,0]
Results 195 [587,19,1,0,0,1,0,0]
Results 196 [592,13,4,0,1,0,0,0]
Results 199 [589,16,2,0,2,0,0,0]
Results 198 [594,10,2,2,0,0,0,0]
Results 197 [591,14,2,2,0,0,0,0]
Results 196 [592,14,2,2,0,0,0,0]
Results 196 [585,21,1,0,2,0,0,0]
Results 195 [588,16,2,2,0,0,0,0]
Results 194 [588,17,2,2,0,0,0,0]
Results 193 [588,17,2,2,0,0,0,0]
Results 194 [617,9,4,2,0,0,0,0]
Results 195 [587,13,5,0,1,1,0,0]
Results 199 [587,14,4,1,1,1,0,0]
Results 199 [586,15,4,1,1,1,0,0]
Results 198 [583,21,2,1,0,0,1,0]
Results 198 [586,20,0,1,1,1,0,0]
Results 199 [634,18,2,2,0,0,1,0]
Results 200 [582,24,1,0,0,1,0,0]
Results 198 [636,17,1,0,1,1,0,0]
Results 197 [606,24,2,0,0,1,0,0]
Results 196 [630,21,2,2,0,0,1,0]
Results 195 [589,14,3,0,1,1,0,0]
Results 194 [580,24,1,1,1,1,0,0]
Results 193 [589,14,3,0,1,1,0,0]
Results 192 [606,25,1,0,0,1,0,0]
Results 191 [589,17,0,2,1,0,0,0]
Results 190 [588,15,3,0,1,1,0,0]
Results 186 [589,13,4,0,1,1,0,0]
Results 189 [589,16,0,2,1,0,0,0]
Results 187 [586,20,0,2,1,0,0,0]
Results 188 [589,16,0,2,1,0,0,0]
Results 190 [590,14,2,0,1,0,1,0]
Results 189 [587,14,4,0,1,1,0,0]
Results 197 [585,19,2,0,1,1,0,0]
Results 198 [587,15,3,0,0,1,1,0]
Results 199 [581,22,3,0,0,1,0,0]
Results 198 [611,17,0,3,1,0,0,0]
Results 197 [586,16,3,0,0,1,1,0]
Results 197 [585,17,2,0,1,1,0,0]
Results 198 [585,17,3,0,1,1,0,0]
Results 197 [586,17,4,0,0,0,1,0]
Results 197 [582,21,2,0,1,1,0,0]
Results 196 [585,18,2,0,1,1,0,0]
Results 195 [586,16,3,0,1,1,0,0]
Results 197 [578,26,1,1,0,1,0,0]
Results 197 [582,21,2,0,1,1,0,0]
Results 198 [579,23,3,1,0,1,0,0]
Results 197 [585,18,2,0,1,1,0,0]
Results 196 [583,21,3,0,0,1,0,0]
Results 195 [590,11,5,0,0,0,1,0]
Results 196 [582,22,3,0,0,1,0,0]
Results 195 [585,19,3,0,0,1,0,0]
Results 195 [589,13,4,0,0,0,1,0]
Results 197 [590,14,4,0,0,0,1,0]
Results 197 [581,21,3,1,0,1,0,0]
Results 197 [611,17,2,2,0,0,0,0]
Results 198 [611,18,2,0,1,1,0,0]
Results 196 [607,21,4,0,0,1,0,0]
Results 195 [587,16,1,2,0,1,0,0]
Results 195 [582,23,2,0,0,1,0,0]
Results 196 [584,19,3,1,0,0,1,0]
Results 197 [577,28,1,0,0,1,0,0]
Results 197 [580,22,3,1,0,1,0,0]
Results 196 [578,25,3,1,0,1,0,0]
Results 195 [576,25,3,1,0,1,0,0]
Results 194 [580,22,3,1,0,1,0,0]
Results 193 [578,27,1,0,0,1,0,0]
Results 192 [581,23,2,0,0,1,0,0]
Results 192 [582,20,2,2,0,1,0,0]
Results 196 [579,23,3,1,0,1,0,0]
Results 196 [584,20,1,2,1,0,0,0]
Results 199 [577,26,2,1,0,1,0,0]
Results 199 [585,16,4,2,0,0,0,0]
Results 198 [576,29,0,1,0,1,0,0]
Results 197 [579,25,1,1,0,1,0,0]
Results 196 [608,20,1,2,1,0,0,0]
Results 197 [579,25,2,1,0,1,0,0]
Results 198 [583,17,5,1,0,1,0,0]
Results 199 [581,20,5,0,0,1,0,0]
Results 198 [581,20,5,0,0,1,0,0]
Results 197 [582,21,3,0,0,1,0,0]
Results 197 [583,20,4,0,0,1,0,0]
Results 196 [585,17,2,2,1,0,0,0]
Results 195 [581,21,4,0,0,1,0,0]
Results 195 [582,19,4,1,0,0,1,0]
Results 199 [580,24,3,0,0,1,0,0]
Results 198 [606,22,3,0,0,1,0,0]
Results 198 [585,17,2,2,1,0,0,0]
Results 197 [582,21,3,0,0,1,0,0]
Results 196 [648,28,3,1,0,1,0,0]
Results 200 [582,20,4,0,0,1,0,0]
Results 199 [579,24,3,0,0,1,0,0]
Results 198 [584,17,3,2,1,0,0,0]
Results 197 [578,27,1,0,0,1,0,0]
Results 197 [578,24,3,1,0,1,0,0]
Results 197 [586,18,2,0,1,1,0,0]
Results 196 [575,28,3,0,0,1,0,0]
Results 196 [579,23,3,0,0,1,0,0]
Results 195 [578,21,5,1,0,0,1,0]
Results 194 [582,20,3,0,0,1,0,0]
Results 193 [577,26,3,0,1,1,0,0]
Results 197 [580,20,4,1,1,1,0,0]
Results 198 [578,25,3,0,0,1,0,0]
Results 198 [609,16,4,2,0,1,0,0]
Results 197 [575,27,3,0,0,1,0,0]
Results 196 [582,22,1,1,0,1,0,0]
Results 195 [577,28,0,0,0,1,0,0]
Results 197 [583,17,4,2,0,1,0,0]
Results 197 [574,28,3,0,0,1,0,0]
Results 198 [579,24,1,1,0,1,0,0]
Results 197 [579,23,3,1,0,1,0,0]
Results 197 [583,21,2,0,0,1,0,0]
Results 197 [580,24,2,0,0,1,0,0]
Results 196 [580,21,4,1,0,1,0,0]
Results 195 [583,21,3,0,0,1,0,0]
Results 195 [582,20,3,1,0,1,0,0]
Results 195 [581,22,2,1,0,1,0,0]
Results 194 [583,21,3,1,0,0,0,0]
Results 194 [582,20,5,0,0,0,1,0]
Results 193 [583,20,4,1,0,0,0,0]
Results 192 [582,20,4,1,0,0,0,0]
Results 198 [581,20,4,1,0,0,1,0]
Results 199 [603,24,4,1,0,1,0,0]
Results 198 [581,21,4,0,0,1,0,0]
Results 197 [608,20,3,0,0,1,0,0]
Results 196 [582,18,4,1,0,1,0,0]
Results 195 [584,19,2,0,0,1,0,0]
Results 198 [579,22,4,1,0,1,0,0]
Results 196 [581,21,4,0,0,1,0,0]
Results 197 [581,21,4,1,0,1,0,0]
Results 195 [580,21,5,0,0,1,0,0]
Results 196 [576,24,5,1,0,0,1,0]
Results 198 [672,29,2,0,0,1,0,0]
Results 198 [577,28,1,0,0,1,0,0]
Results 197 [582,19,4,1,0,1,0,0]
Results 196 [581,21,3,1,0,1,0,0]
Results 196 [580,23,4,0,0,1,0,0]
Results 198 [578,22,4,1,0,0,1,0]
Results 199 [583,17,5,0,0,0,1,0]
Results 198 [581,19,5,1,0,1,0,0]
Results 197 [582,22,2,1,0,1,0,0]
Results 195 [578,27,1,0,0,1,0,0]
Results 196 [579,27,1,0,0,1,0,0]
Results 193 [581,19,4,1,1,0,0,0]
Results 194 [582,18,5,1,0,1,0,0]
Results 194 [581,18,6,0,0,0,1,0]
Results 194 [604,26,1,0,0,1,0,0]
Results 197 [579,26,1,0,0,1,0,0]
Results 199 [603,26,1,0,0,1,0,0]
Results 197 [605,22,4,0,0,0,1,0]
Results 198 [605,20,6,0,0,0,1,0]
Results 197 [579,25,1,0,0,1,0,0]
Results 196 [584,18,4,0,0,1,0,0]
Results 196 [577,24,4,1,0,1,0,0]
Results 197 [579,26,1,0,0,1,0,0]
Results 197 [582,20,4,0,0,0,1,0]
Results 196 [582,20,4,0,0,1,0,0]
Results 195 [583,19,4,0,0,1,0,0]
Results 196 [583,19,4,0,0,1,0,0]
Results 196 [604,23,3,1,0,1,0,0]
Results 195 [579,26,1,0,0,1,0,0]
Results 195 [580,20,5,1,0,1,0,0]
Results 195 [607,18,5,0,0,0,1,0]
Results 196 [603,24,4,0,0,0,1,0]
Results 195 [585,17,4,0,0,1,0,0]
Results 197 [602,23,6,0,0,0,1,0]
Results 196 [580,22,5,0,0,0,1,0]
Results 197 [580,20,6,0,0,0,0,0]
Results 197 [579,27,0,0,0,1,0,0]
Results 196 [581,22,3,1,0,1,0,0]
Results 197 [574,27,3,1,0,1,0,0]
Results 197 [580,20,5,0,0,0,1,0]
Results 197 [581,20,5,0,0,0,1,0]
Results 198 [577,24,5,0,0,0,1,0]
Results 198 [582,18,5,0,0,1,0,0]
Results 198 [602,28,0,0,0,1,0,0]
Results 197 [631,19,5,0,0,1,0,0]
Results 196 [600,27,4,0,0,0,1,0]
Results 195 [582,21,2,1,0,1,0,0]
Results 194 [578,23,5,0,0,1,0,0]
Results 193 [577,25,3,0,0,0,1,0]
Results 192 [574,30,1,0,0,1,0,0]
Results 191 [580,20,4,1,0,1,0,0]
Results 192 [580,24,2,0,0,0,1,0]
Results 194 [575,28,2,0,0,1,0,0]
Results 199 [606,18,6,0,0,1,0,0]
Results 197 [584,16,5,0,0,0,1,0]
Results 198 [577,23,5,1,0,1,0,0]
Results 197 [581,24,0,1,0,1,0,0]
Results 196 [574,26,6,0,0,1,0,0]
Results 195 [578,22,6,0,0,1,0,0]
Results 194 [578,25,1,1,0,1,0,0]
Results 196 [581,18,7,0,0,1,0,0]
Results 198 [578,24,3,1,0,0,0,0]
Results 197 [581,18,6,0,0,1,0,0]
Results 197 [577,26,2,1,0,1,0,0]
Results 196 [580,20,4,1,0,1,0,0]
Results 197 [581,20,5,0,0,1,0,0]
Results 197 [628,22,5,1,0,1,0,0]
Results 197 [578,26,0,1,0,1,0,0]
Results 197 [578,23,4,1,1,0,0,0]
Results 196 [600,29,1,0,0,1,0,0]
Results 195 [586,16,5,0,0,0,0,0]
Results 194 [586,16,5,0,0,0,0,0]
Results 193 [583,19,5,0,0,0,0,0]
Results 193 [584,18,5,0,0,0,0,0]
Results 195 [584,22,0,1,0,0,0,0]
Results 197 [583,20,3,1,1,0,0,0]
Results 198 [578,25,1,1,1,0,0,0]
Results 198 [582,17,6,0,0,1,0,0]
Results 198 [607,18,6,0,0,1,0,0]
Results 197 [606,19,5,0,0,1,0,0]
Results 197 [581,21,2,1,1,0,0,0]
Results 197 [574,31,1,1,0,0,0,0]
Results 200 [577,23,4,1,1,0,0,0]
Results 199 [574,31,2,0,0,0,0,0]
Results 198 [577,25,5,0,0,0,0,0]
Results 197 [578,27,2,0,0,0,0,0]
Results 196 [583,20,4,0,0,0,1,0]
Results 195 [578,27,2,0,0,0,0,0]
Results 194 [582,19,4,0,0,0,1,0]
Results 193 [578,26,2,0,0,0,0,0]
Results 192 [581,23,1,1,0,0,0,0]
Results 191 [583,17,6,0,0,0,1,0]
Results 190 [576,29,2,0,0,0,0,0]
Results 189 [582,18,6,0,0,0,1,0]
Results 188 [580,24,3,0,0,0,0,0]
Results 188 [582,20,2,1,1,0,0,0]
Results 190 [580,19,6,0,0,0,1,0]
Results 195 [581,21,4,0,0,1,0,0]
Results 198 [582,18,6,0,0,0,1,0]
Results 198 [600,30,2,0,0,0,0,0]
Results 197 [585,19,3,0,0,1,0,0]
Results 198 [586,18,3,0,0,1,0,0]
Results 196 [578,24,5,0,0,0,0,0]
Results 196 [583,19,4,0,0,1,0,0]
Results 197 [586,17,2,1,1,0,0,0]
Results 198 [582,21,2,1,1,0,0,0]
Results 197 [586,16,4,0,0,0,1,0]
Results 198 [583,21,2,1,1,0,0,0]
Results 199 [579,24,5,0,0,0,0,0]
Results 198 [605,23,2,1,1,0,0,0]
Results 197 [586,18,3,0,0,1,0,0]
Results 196 [581,23,3,0,0,1,0,0]
Results 196 [581,22,5,0,0,0,0,0]
Results 195 [603,26,1,1,0,0,0,0]
Results 194 [646,33,2,0,0,0,0,0]
Results 193 [582,21,2,1,0,0,0,0]
Results 192 [582,21,2,1,1,0,0,0]
Results 192 [581,23,4,0,0,0,0,0]
Results 197 [608,22,2,1,0,0,0,0]
Results 196 [578,27,2,0,0,0,0,0]
Results 197 [579,27,2,0,0,0,0,0]
Results 196 [580,22,4,0,0,1,0,0]
Results 195 [585,21,1,1,0,0,0,0]
Results 197 [584,19,5,0,0,0,0,0]
Results 194 [578,27,1,1,0,0,0,0]
Results 196 [578,23,6,0,0,0,0,0]
Results 197 [585,21,1,1,0,0,0,0]
Results 197 [578,24,5,0,0,0,0,0]
Results 196 [582,18,6,0,0,0,0,0]
Results 196 [579,24,4,0,0,0,0,0]
Results 195 [586,20,1,1,0,0,0,0]
Results 194 [580,21,6,0,0,0,0,0]
Results 193 [580,25,2,1,0,0,0,0]
Results 192 [580,23,4,0,0,0,1,0]
Results 192 [581,22,4,0,0,0,1,0]
Results 197 [581,25,1,1,0,0,0,0]
Results 199 [579,27,1,1,0,0,0,0]
Results 199 [586,16,4,1,1,0,0,0]
Results 198 [587,18,2,1,0,0,0,0]
Results 197 [589,12,5,0,0,1,0,0]
Results 196 [606,23,2,1,0,0,0,0]
Results 196 [585,19,2,0,0,1,0,0]
Results 197 [586,18,2,0,0,1,0,0]
Results 199 [583,20,3,0,0,0,1,0]
Results 199 [583,17,4,2,0,1,0,0]
Results 198 [604,23,3,0,0,1,0,0]
Results 197 [584,17,5,0,0,1,0,0]
Results 196 [583,20,5,0,0,0,0,0]
Results 195 [584,20,2,1,0,0,0,0]
Results 198 [581,23,1,1,1,0,0,0]
Results 197 [581,22,3,0,0,1,0,0]
Results 198 [609,17,5,1,1,0,0,0]
Results 197 [579,25,1,2,0,0,0,0]
Results 196 [610,18,3,0,0,1,0,0]
Results 195 [580,23,5,0,0,0,0,0]
Results 195 [584,20,3,0,0,1,0,0]
Results 200 [578,26,4,0,0,0,0,0]
Results 199 [575,29,4,0,0,0,0,0]
Results 198 [582,23,2,0,0,0,1,0]
Results 198 [582,22,4,0,0,0,0,0]
Results 198 [579,24,4,0,0,0,0,0]
Results 197 [580,21,7,0,0,0,0,0]
Results 197 [584,19,4,0,0,0,1,0]
Results 200 [589,13,5,0,0,1,0,0]
Results 199 [611,16,4,0,0,1,0,0]
Results 198 [577,26,5,0,0,0,0,0]
Results 197 [585,18,4,0,0,1,0,0]
Results 196 [583,19,5,0,0,1,0,0]
Results 195 [610,19,3,0,0,1,0,0]
Results 195 [587,16,3,1,1,0,0,0]
Results 195 [585,16,4,1,1,0,0,0]
Results 198 [609,18,5,0,0,0,1,0]
Results 197 [583,21,3,1,0,0,0,0]
Results 197 [608,19,4,0,0,1,0,0]
Results 196 [581,24,3,1,0,0,0,0]
Results 196 [581,24,3,1,0,0,0,0]
Results 195 [583,20,5,0,0,1,0,0]
Results 194 [582,20,4,0,0,1,0,0]
Results 193 [581,23,3,1,0,0,0,0]
Results 195 [636,17,4,0,0,1,0,0]
Results 193 [635,19,3,0,0,1,0,0]
Results 192 [579,22,6,0,0,0,0,0]
Results 193 [588,16,3,0,0,1,0,0]
Results 192 [580,24,4,0,0,0,0,0]
Results 191 [580,23,5,0,0,0,0,0]
Results 190 [581,23,3,0,0,1,0,0]
Results 190 [609,19,3,0,0,0,1,0]
Results 198 [579,21,7,0,0,0,0,0]
Results 197 [578,22,8,0,0,0,0,0]
Results 198 [580,24,4,1,0,0,0,0]
Results 197 [587,16,3,1,0,1,0,0]
Results 196 [589,16,3,0,0,1,0,0]
Results 195 [580,25,2,1,0,0,0,0]
Results 198 [583,18,5,0,0,0,1,0]
Results 197 [589,16,3,0,0,1,0,0]
Results 196 [584,20,3,0,0,1,0,0]
Results 195 [586,17,4,0,0,1,0,0]
Results 196 [581,21,3,0,0,1,0,0]
Results 199 [582,24,2,1,0,0,0,0]
Results 198 [583,21,3,1,0,0,0,0]
Results 197 [573,29,4,0,0,0,0,0]
Results 198 [584,19,3,0,0,1,0,0]
Results 200 [580,23,4,0,0,0,0,0]
Results 199 [580,25,3,0,0,0,0,0]
Results 198 [604,23,3,1,0,0,0,0]
Results 197 [583,19,4,0,0,0,1,0]
Results 196 [578,26,4,0,0,0,0,0]
Results 195 [580,23,4,0,0,0,0,0]
Results 194 [580,24,2,0,0,0,1,0]
Results 196 [581,23,2,0,0,0,1,0]
Results 195 [584,19,3,1,0,0,0,0]
Results 198 [581,21,4,1,0,0,0,0]
Results 197 [604,26,3,0,0,0,0,0]
Results 198 [578,25,5,0,0,0,0,0]
Results 197 [577,28,3,0,0,0,0,0]
Results 197 [581,23,4,0,0,0,0,0]
Results 197 [606,23,3,0,0,1,0,0]
Results 196 [586,19,2,0,0,1,0,0]
Results 195 [587,18,2,0,0,1,0,0]
Results 195 [587,19,2,0,0,1,0,0]
Results 196 [584,20,2,0,0,0,1,0]
Results 197 [587,17,3,0,0,1,0,0]
Results 196 [584,20,4,0,0,0,0,0]
Results 196 [575,29,4,0,0,0,0,0]
Results 196 [582,24,2,0,0,0,0,0]
Results 196 [582,21,4,1,0,0,0,0]
Results 196 [583,22,3,0,0,0,1,0]
Results 197 [586,19,3,1,0,0,0,0]
Results 196 [583,22,3,1,0,0,0,0]
Results 196 [581,25,2,0,0,0,0,0]
Results 196 [577,27,3,0,0,0,0,0]
Results 195 [580,27,2,0,0,0,0,0]
Results 196 [605,23,2,0,0,0,1,0]
Results 196 [580,26,2,0,0,0,0,0]
Results 196 [584,20,3,0,0,0,1,0]
Results 195 [583,24,2,0,0,0,0,0]
Results 196 [585,22,1,0,0,0,0,0]
Results 197 [581,25,1,0,0,0,0,0]
Results 197 [581,26,2,0,0,0,0,0]
Results 199 [579,27,2,0,0,0,0,0]
Results 198 [579,28,1,0,0,0,0,0]
Results 198 [580,26,2,0,0,0,0,0]
Results 197 [583,20,4,1,0,0,0,0]
Results 196 [577,29,2,0,0,0,0,0]
Results 195 [585,19,4,0,0,0,0,0]
Results 198 [586,16,5,0,0,1,0,0]
Results 198 [606,26,2,0,0,0,0,0]
Results 197 [592,12,3,0,0,1,0,0]
Results 197 [583,22,2,1,0,0,0,0]
Results 196 [584,22,2,1,0,0,0,0]
Results 195 [583,22,2,1,0,0,0,0]
Results 196 [586,20,1,1,0,0,1,0]
Results 195 [610,19,4,0,0,0,0,0]
Results 196 [591,14,3,0,0,1,0,0]
Results 198 [589,16,3,0,0,1,0,0]
Results 198 [588,18,2,0,0,0,1,0]
Results 198 [592,13,3,0,0,1,0,0]
Results 197 [638,16,3,0,0,1,0,0]
Results 196 [602,29,2,0,0,0,0,0]
Results 196 [585,19,4,0,0,0,0,0]
Results 196 [584,20,4,0,0,0,0,0]
Results 196 [591,15,2,0,0,1,0,0]
Results 195 [606,23,3,0,0,0,1,0]
Results 194 [586,19,4,0,0,0,0,0]
Results 194 [588,20,1,0,0,0,0,0]
Results 194 [589,18,1,0,0,0,0,0]
Results 194 [594,12,4,0,0,0,0,0]
Results 194 [608,22,2,1,0,0,0,0]
Results 196 [585,21,3,0,0,0,0,0]
Results 197 [583,25,2,0,0,0,0,0]
Results 198 [584,23,2,0,0,0,0,0]
Results 198 [589,19,2,0,0,0,0,0]
Results 198 [587,20,2,0,0,0,0,0]
Results 197 [589,18,3,0,0,0,0,0]
Results 197 [675,31,2,0,0,0,0,0]
Results 196 [588,17,2,0,0,0,1,0]
Results 197 [586,20,3,0,0,0,0,0]
Results 197 [629,27,2,0,0,0,0,0]
Results 200 [589,16,2,0,0,0,1,0]
Results 199 [585,19,3,0,0,1,0,0]
Results 198 [699,31,2,0,0,0,0,0]
Results 197 [584,18,4,0,0,0,1,0]
Results 195 [584,23,1,0,0,0,0,0]
Results 196 [590,15,2,0,0,0,1,0]
Results 194 [586,19,3,0,0,0,0,0]
Results 193 [585,22,1,0,0,0,0,0]
Results 192 [589,17,1,0,0,0,1,0]
Results 191 [592,13,2,0,0,0,1,0]
Results 190 [588,15,5,0,0,1,0,0]
Results 189 [589,17,1,0,0,0,1,0]
Results 188 [589,16,2,0,0,1,0,0]
Results 189 [659,21,1,0,0,0,1,0]
Results 189 [587,17,3,0,0,0,1,0]
Results 195 [592,14,2,0,0,0,1,0]
Results 199 [593,13,2,0,0,0,1,0]
Results 198 [587,18,2,0,0,0,1,0]
Results 198 [590,14,3,0,0,0,1,0]
Results 197 [589,13,5,0,0,1,0,0]
Results 196 [592,11,4,1,0,1,0,0]
Results 197 [586,18,3,0,0,0,1,0]
Results 196 [586,21,2,0,0,0,1,0]
Results 195 [636,20,2,0,0,0,1,0]
Results 196 [592,11,4,0,0,1,0,0]
Results 196 [592,11,4,0,0,1,0,0]
Results 197 [590,13,5,0,0,1,0,0]
Results 199 [591,12,5,0,0,1,0,0]
Results 197 [589,15,2,0,0,0,1,0]
Results 198 [589,17,1,0,0,0,1,0]
Results 196 [582,21,4,0,0,0,1,0]
Results 195 [592,10,5,0,0,1,0,0]
Results 195 [590,16,1,0,0,0,1,0]
Results 194 [590,12,6,0,0,1,0,0]
Results 193 [582,22,2,2,0,0,0,0]
Results 192 [583,24,1,1,0,0,0,0]
Results 197 [582,24,1,1,0,0,0,0]
Results 197 [588,18,2,0,0,0,1,0]
Results 198 [581,25,1,1,0,0,0,0]
Results 197 [582,24,1,1,0,0,0,0]
Results 196 [591,15,3,0,0,0,0,0]
Results 195 [582,21,2,2,0,0,0,0]
Results 194 [584,22,2,1,0,0,0,0]
Results 197 [590,17,1,0,0,1,0,0]
Results 196 [608,22,2,2,0,0,0,0]
Results 196 [593,15,1,0,0,0,0,0]
Results 196 [590,16,2,0,0,1,0,0]
Results 196 [586,19,3,1,0,0,0,0]
Results 195 [592,16,1,0,0,0,0,0]
Results 194 [591,15,1,0,0,0,1,0]
Results 193 [589,16,3,0,0,1,0,0]
Results 192 [588,17,3,0,0,1,0,0]
Results 192 [592,15,1,0,0,0,1,0]
Results 192 [707,20,5,0,0,0,1,0]
Results 196 [588,17,3,0,0,1,0,0]
Results 200 [592,12,4,0,0,1,0,0]
Results 199 [588,14,5,0,0,1,0,0]
Results 198 [587,19,2,0,0,0,1,0]
Results 197 [589,14,5,0,0,1,0,0]
Results 196 [589,17,2,0,0,1,0,0]
Results 195 [590,14,3,0,0,1,0,0]
Results 197 [590,17,2,0,0,0,0,0]
Results 199 [638,15,4,0,0,1,0,0]
Results 198 [593,14,1,0,0,0,1,0]
Results 198 [592,14,2,0,0,0,1,0]
Results 197 [596,12,1,0,0,0,1,0]
Results 197 [596,7,6,0,0,1,0,0]
Results 198 [589,18,1,0,0,0,1,0]
Results 197 [590,17,1,0,0,0,1,0]
Results 197 [594,12,3,0,0,1,0,0]
Results 197 [590,17,1,0,0,0,1,0]
Results 196 [594,14,1,0,0,1,0,0]
Results 195 [593,13,2,0,0,1,0,0]
Results 194 [622,11,1,0,0,0,1,0]
Results 195 [589,18,1,0,0,0,1,0]
Results 200 [592,12,4,0,0,1,0,0]
Results 199 [591,13,4,0,0,1,0,0]
Results 198 [590,16,2,0,0,0,1,0]
Results 199 [598,8,4,0,0,1,0,0]
Results 199 [594,14,0,0,0,0,1,0]
Results 200 [589,18,2,0,0,1,0,0]
Results 199 [592,15,2,0,0,0,1,0]
Results 198 [596,15,0,0,0,0,0,0]
Results 197 [591,16,2,0,0,0,1,0]
Results 199 [594,13,2,0,0,1,0,0]
Results 198 [588,19,1,0,0,0,1,0]
Results 196 [591,18,0,0,0,0,0,0]
Results 198 [618,16,0,0,0,0,0,0]
Results 197 [590,19,0,0,0,0,0,0]
Results 195 [620,9,4,0,0,1,0,0]
Results 194 [597,8,2,0,0,0,1,0]
Results 192 [593,14,0,0,0,0,1,0]
Results 193 [616,15,1,0,0,0,1,0]
Results 191 [585,21,1,1,0,0,0,0]
Results 190 [593,10,4,0,0,1,0,0]
Results 189 [594,12,1,0,0,0,1,0]
Results 188 [594,13,1,0,0,0,1,0]
Results 190 [587,21,1,0,0,0,0,0]
Results 190 [591,17,0,0,0,0,1,0]
Results 190 [612,21,1,0,0,0,0,0]
Results 191 [593,11,4,0,0,1,0,0]
Results 189 [588,18,2,0,0,1,0,0]
Results 190 [717,10,6,0,0,1,0,0]
Results 197 [662,19,2,0,0,0,1,0]
Results 198 [663,19,2,0,0,0,1,0]
Results 198 [593,13,3,0,0,0,0,0]
Results 197 [595,13,2,0,0,0,0,0]
Results 196 [596,13,0,0,0,0,1,0]
Results 195 [593,14,2,0,0,0,1,0]
Results 194 [593,11,3,0,0,1,0,0]
Results 193 [611,22,1,0,0,0,0,0]
Results 192 [582,25,1,1,0,0,0,0]
Results 197 [594,11,3,0,0,1,0,0]
Results 197 [589,20,0,0,0,0,0,0]
Results 196 [593,13,3,0,0,0,0,0]
Results 197 [597,12,0,0,0,0,1,0]
Results 199 [595,12,1,0,0,0,1,0]
Results 198 [595,13,1,0,0,0,1,0]
Results 197 [595,12,2,0,0,0,1,0]
Results 196 [597,12,0,0,0,0,1,0]
Results 196 [614,19,0,0,0,0,1,0]
Results 197 [592,16,1,0,0,0,0,0]
Results 197 [594,11,3,0,0,1,0,0]
Results 197 [595,11,1,0,0,0,1,0]
Results 196 [595,11,3,0,0,1,0,0]
Results 195 [658,23,1,0,0,0,1,0]
Results 195 [588,20,0,1,0,0,0,0]
Results 194 [596,9,3,0,0,0,1,0]
Results 193 [593,13,2,0,0,1,0,0]
Results 192 [594,11,3,0,0,1,0,0]
Results 193 [594,12,2,0,0,1,0,0]
Results 197 [588,20,0,1,0,0,0,0]
Results 196 [587,21,0,1,0,0,0,0]
Results 198 [590,19,0,0,0,0,0,0]
Results 197 [596,9,3,0,0,1,0,0]
Results 197 [594,11,3,0,0,1,0,0]
Results 197 [599,10,0,0,0,0,1,0]
Results 196 [591,18,0,0,0,0,0,0]
Results 195 [587,21,0,1,0,0,0,0]
Results 196 [593,16,1,0,0,0,0,0]
Results 196 [600,8,0,0,0,0,1,0]
Results 200 [597,12,0,0,0,0,1,0]
Results 199 [591,19,0,0,0,0,0,0]
Results 198 [591,18,0,0,0,0,0,0]
Results 197 [594,12,2,0,0,1,0,0]
Results 196 [595,13,0,0,0,1,0,0]
Results 196 [591,19,0,0,0,0,0,0]
Results 196 [617,16,1,0,0,0,0,0]
Results 195 [596,11,1,0,0,1,0,0]
Results 195 [587,20,1,0,0,1,0,0]
Results 196 [591,16,1,0,0,0,1,0]
Results 195 [593,17,0,0,0,0,0,0]
Results 194 [586,22,1,0,0,1,0,0]
Results 194 [591,16,1,0,0,0,1,0]
Results 196 [594,13,1,0,0,1,0,0]
Results 198 [597,9,3,0,0,1,0,0]
Results 200 [596,12,0,0,0,0,1,0]
Results 199 [591,16,2,0,0,0,0,0]
Results 198 [596,12,1,0,0,1,0,0]
Results 197 [596,10,2,0,0,1,0,0]
Results 196 [669,14,0,0,0,1,0,0]
Results 195 [618,14,1,0,0,0,1,0]
Results 194 [665,17,2,0,0,0,0,0]
Results 195 [594,15,2,0,0,0,0,0]
Results 195 [591,16,1,0,0,0,1,0]
Results 198 [594,14,2,0,0,0,0,0]
Results 196 [599,10,0,0,0,0,1,0]
Results 197 [600,9,0,0,0,0,1,0]
Results 197 [598,8,3,0,0,0,1,0]
Results 197 [589,17,2,0,0,0,1,0]
Results 198 [622,10,1,0,0,0,1,0]
Results 197 [624,9,0,0,0,0,1,0]
Results 196 [594,12,2,0,0,1,0,0]
Results 195 [597,10,2,0,0,1,0,0]
Results 198 [594,15,1,0,0,0,0,0]
Results 198 [617,15,2,0,0,0,1,0]
Results 197 [593,16,0,1,0,0,0,0]
Results 196 [592,13,3,0,0,0,1,0]
Results 196 [595,13,1,0,0,1,0,0]
Results 195 [592,15,2,0,0,0,1,0]
Results 194 [596,12,0,0,0,0,1,0]
Results 193 [597,11,0,0,0,0,1,0]
Results 194 [593,12,3,0,0,1,0,0]
Results 194 [595,13,0,0,0,0,1,0]
Results 196 [624,9,0,0,0,0,1,0]
Results 196 [593,15,2,0,0,0,0,0]
Results 196 [592,14,2,0,0,1,0,0]
Results 198 [594,16,0,0,0,0,0,0]
Results 197 [691,14,2,0,0,1,0,0]
Results 197 [597,13,0,0,0,0,0,0]
Results 197 [597,13,0,0,0,0,0,0]
Results 196 [599,11,0,0,0,0,0,0]
Results 196 [597,13,0,0,0,0,0,0]
Results 197 [592,18,1,0,0,0,0,0]
Results 196 [645,14,0,0,0,0,1,0]
Results 196 [593,16,1,0,0,0,0,0]
Results 196 [597,12,1,0,0,0,0,0]
Results 198 [707,22,3,0,0,0,1,0]
Results 198 [597,12,0,0,0,0,0,0]
Results 198 [588,17,4,0,0,0,0,0]
Results 197 [592,16,1,0,0,0,0,0]
Results 195 [591,16,1,0,0,1,0,0]
Results 196 [591,17,1,0,0,1,0,0]
Results 194 [589,18,1,0,0,1,0,0]
Results 193 [593,14,1,0,0,1,0,0]
Results 192 [594,12,2,0,0,0,1,0]
Results 191 [591,15,2,0,0,1,0,0]
Results 190 [592,14,2,0,0,0,1,0]
Results 190 [587,20,1,0,0,1,0,0]
Results 191 [587,18,3,0,0,1,0,0]
Results 190 [593,13,2,0,0,1,0,0]
Results 190 [593,14,1,0,0,1,0,0]
Results 196 [590,17,1,0,0,1,0,0]
Results 199 [589,18,1,0,0,1,0,0]
Results 198 [593,12,2,0,0,1,0,0]
Results 198 [612,19,1,0,0,1,0,0]
Results 197 [587,18,2,0,0,1,0,0]
Results 196 [592,14,2,0,0,1,0,0]
Results 195 [587,19,1,0,0,0,1,0]
Results 197 [587,19,1,0,0,1,0,0]
Results 196 [588,19,1,0,0,0,1,0]
Results 198 [589,18,1,0,0,1,0,0]
Results 199 [592,14,2,0,0,0,1,0]
Results 199 [590,18,0,0,0,1,0,0]
Results 198 [591,17,0,0,0,1,0,0]
Results 197 [586,20,2,0,0,1,0,0]
Results 196 [592,14,1,0,0,1,0,0]
Results 193 [583,22,2,0,0,1,0,0]
Results 195 [591,17,0,0,0,1,0,0]
Results 194 [611,19,3,0,0,1,0,0]
Results 193 [585,21,2,0,0,1,0,0]
Results 192 [616,14,2,0,0,1,0,0]
Results 191 [591,14,2,0,0,1,0,0]
Results 195 [589,14,5,0,0,0,0,0]
Results 197 [588,19,0,0,0,1,0,0]
Results 198 [585,20,3,0,0,1,0,0]
Results 197 [584,20,3,0,0,1,0,0]
Results 196 [585,20,3,0,0,1,0,0]
Results 196 [611,20,0,0,0,1,0,0]
Results 197 [584,22,0,0,0,1,0,0]
Results 197 [588,19,1,0,0,1,0,0]
Results 196 [587,20,1,0,0,1,0,0]
Results 196 [588,19,1,0,0,1,0,0]
Results 196 [614,15,2,0,0,1,0,0]
Results 195 [585,21,1,0,0,1,0,0]
Results 194 [586,20,1,0,0,1,0,0]
Results 193 [585,19,2,0,0,1,0,0]
Results 193 [584,19,4,0,0,1,0,0]
Results 193 [590,16,1,0,0,1,0,0]
Results 192 [611,18,3,0,0,1,0,0]
Results 193 [585,20,1,0,0,1,0,0]
Results 200 [592,16,0,0,0,1,0,0]
Results 199 [585,20,1,0,0,1,0,0]
Results 198 [587,19,1,0,0,1,0,0]
Results 197 [586,20,1,0,0,1,0,0]
Results 196 [586,20,1,0,0,1,0,0]
Results 195 [584,24,0,0,0,1,0,0]
Results 197 [588,18,2,0,0,1,0,0]
Results 199 [586,20,1,0,0,1,0,0]
Results 199 [587,20,0,0,0,1,0,0]
Results 198 [587,18,2,0,0,1,0,0]
Results 198 [587,18,1,0,0,1,0,0]
Results 198 [586,20,1,0,0,1,0,0]
Results 197 [580,27,0,0,0,1,0,0]
Results 197 [582,24,0,0,0,1,0,0]
Results 197 [585,17,4,0,0,0,1,0]
Results 196 [579,27,1,0,0,1,0,0]
Results 196 [585,23,0,0,0,1,0,0]
Results 195 [589,16,1,0,0,1,0,0]
Results 194 [589,15,3,0,0,0,1,0]
Results 194 [685,20,1,0,0,1,0,0]
Results 194 [684,22,0,0,0,1,0,0]
Results 198 [589,17,1,0,0,1,0,0]
Results 197 [586,17,4,0,0,0,1,0]
Results 198 [584,24,0,0,0,1,0,0]
Results 199 [588,18,1,0,0,1,0,0]
Results 199 [589,15,2,0,0,1,0,0]
